                      Year_Predictors               R0000100                 Year     No_HealthI_03_21       General_H_02_19   Weeks_Worked_02_19
nbr.val          94248.00000000000000     94248.000000000000  94248.0000000000000 94248.00000000000000  94248.00000000000000   94248.000000000000
nbr.null             0.00000000000000         0.000000000000      0.0000000000000 70278.00000000000000      0.00000000000000   13065.000000000000
nbr.na               0.00000000000000         0.000000000000      0.0000000000000     0.00000000000000      0.00000000000000       0.000000000000
min               2002.00000000000000         1.000000000000      1.0000000000000     0.00000000000000      1.00000000000000       0.000000000000
max               2019.00000000000000      9022.000000000000     14.0000000000000     1.00000000000000      5.00000000000000      53.000000000000
range               17.00000000000000      9021.000000000000     13.0000000000000     1.00000000000000      4.00000000000000      53.000000000000
sum          189364428.00000000000000 426304256.000000000000 706860.0000000000000 23970.00000000000000 207862.00000000000000 3603996.000000000000
median            2008.50000000000000      4530.000000000000      7.5000000000000     0.00000000000000      2.00000000000000      51.000000000000
mean              2009.21428571428578      4523.218062982769      7.5000000000000     0.25432900432900      2.20547916136151      38.239495798319
SE.mean              0.01652603933522         8.483601971146      0.0131308522667     0.00141852764310      0.00309976372949       0.063643689107
CI.mean.0.95         0.03239085788280        16.627767864260      0.0257363280471     0.00278029879747      0.00607550329487       0.124740940475
var                 25.74006902834347   6783170.158650880679     16.2501724192812     0.18964777410670      0.90558522351982     381.753330088389
std.dev              5.07346716046763      2604.451988163898      4.0311502600723     0.43548567612115      0.95162241646560      19.538508901357
coef.var             0.00252510008342         0.575796247693      0.5374867013430     1.71229261589763      0.43148102831229       0.510951007419
                  NOArrests_02_19     MonthsIcar_02_19 NA_B18               NA_A18 B18_NOARREST B18_ARREST B18_INCAF Classification
nbr.val      94248.00000000000000 94248.00000000000000  94248 94248.00000000000000        94248      94248     94248          94248
nbr.null     92145.00000000000000 93210.00000000000000  94248 73654.00000000000000            0      94248     94248              0
nbr.na           0.00000000000000     0.00000000000000      0     0.00000000000000            0          0         0              0
min              0.00000000000000     0.00000000000000      0     0.00000000000000            1          0         0              1
max             60.00000000000000    12.00000000000000      0    68.00000000000000            1          0         0              1
range           60.00000000000000    12.00000000000000      0    68.00000000000000            0          0         0              0
sum           3056.00000000000000  6821.00000000000000      0 53886.00000000000000        94248          0         0          94248
median           0.00000000000000     0.00000000000000      0     0.00000000000000            1          0         0              1
mean             0.03242509124862     0.07237288854936      0     0.57174688057041            1          0         0              1
SE.mean          0.00126352021592     0.00270398434909      0     0.00728588735931            0          0         0              0
CI.mean.0.95     0.00247648592115     0.00529978000124      0     0.01428026021350            0          0         0              0
var              0.15046536145601     0.68909720762682      0     5.00307540392355            0          0         0              0
std.dev          0.38789864843282     0.83011879127437      0     2.23675555301055            0          0         0              0
coef.var        11.96291617064663    11.47002431315449    NaN     3.91214299373007            0        NaN       NaN              0
                         Hispanic                White                Black              Other_R                 Male                Sample
nbr.val      94248.00000000000000 94248.00000000000000 94248.00000000000000 94248.00000000000000 94248.00000000000000  94248.00000000000000
nbr.null     74046.00000000000000 38864.00000000000000 69062.00000000000000 80528.00000000000000 50022.00000000000000      0.00000000000000
nbr.na           0.00000000000000     0.00000000000000     0.00000000000000     0.00000000000000     0.00000000000000      0.00000000000000
min              0.00000000000000     0.00000000000000     0.00000000000000     0.00000000000000     0.00000000000000      1.00000000000000
max              1.00000000000000     1.00000000000000     1.00000000000000     1.00000000000000     1.00000000000000      2.00000000000000
range            1.00000000000000     1.00000000000000     1.00000000000000     1.00000000000000     1.00000000000000      1.00000000000000
sum          20202.00000000000000 55384.00000000000000 25186.00000000000000 13720.00000000000000 44226.00000000000000 118188.00000000000000
median           0.00000000000000     1.00000000000000     0.00000000000000     0.00000000000000     0.00000000000000      1.00000000000000
mean             0.21434937611408     0.58764111705288     0.26723113487819     0.14557338086750     0.46925133689840      1.25401069518717
SE.mean          0.00133672501165     0.00160346689355     0.00144142903077     0.00114880046252     0.00162559908544      0.00141794222177
CI.mean.0.95     0.00261996652691     0.00314277772280     0.00282518526894     0.00225163644854     0.00318615657888      0.00277915137800
var              0.16840550790734     0.24232160570780     0.19582073314756     0.12438309139281     0.24905716228985      0.18949127247784
std.dev          0.41037240149326     0.49226172480481     0.44251636483588     0.35267987097764     0.49905627166668      0.43530595272503
coef.var         1.91450243025128     0.83769108477906     1.65593116624520     2.42269478716479     1.06351592936376      0.34713097296196
                             PIB16                 BMEA97                BFEA97             PHEALTH97                BBPHH                 CC1Y
nbr.val      94248.000000000000000   94248.00000000000000   94248.0000000000000  94248.00000000000000 94248.00000000000000 94248.00000000000000
nbr.null     88816.000000000000000       0.00000000000000       0.0000000000000      0.00000000000000 45836.00000000000000 67284.00000000000000
nbr.na           0.000000000000000       0.00000000000000       0.0000000000000      0.00000000000000     0.00000000000000     0.00000000000000
min              0.000000000000000       1.00000000000000       1.0000000000000      1.00000000000000     0.00000000000000     0.00000000000000
max              1.000000000000000      20.00000000000000      20.0000000000000      5.00000000000000     1.00000000000000     1.00000000000000
range            1.000000000000000      19.00000000000000      19.0000000000000      4.00000000000000     1.00000000000000     1.00000000000000
sum           5432.000000000000000 1177302.00000000000000 1177666.0000000000000 216902.00000000000000 48412.00000000000000 26964.00000000000000
median           0.000000000000000      12.00000000000000      12.0000000000000      2.00000000000000     1.00000000000000     0.00000000000000
mean             0.057635175282234      12.49153297682710      12.4953951277481      2.30139631610220     0.51366607248960     0.28609625668449
SE.mean          0.000759135979018       0.00958288454061       0.0104265248835      0.00355921134364     0.00162807331195     0.00147211639624
CI.mean.0.95     0.001487898286535       0.01878234977940       0.0204358757027      0.00697601563619     0.00319100603602     0.00288533217249
var              0.054313938139855       8.65495181083226      10.2459282681193      1.19393228691418     0.24981588908542     0.20424735572230
std.dev          0.233053509177302       2.94192994662216       3.2009261578673      1.09267208572114     0.49981585517610     0.45193733605700
coef.var         4.043598514901028       0.23551392387785       0.2561684624730      0.47478657981506     0.97303653471530     1.57966881948895
                              HT97                  HHNW97                  GH97                WW_97              NHIN_97         Wave_Outcome
nbr.val      94248.000000000000000       94248.00000000000  94248.00000000000000  94248.0000000000000 94248.00000000000000  94248.0000000000000
nbr.null     89726.000000000000000          70.00000000000      0.00000000000000  65142.0000000000000 81928.00000000000000      0.0000000000000
nbr.na           0.000000000000000           0.00000000000      0.00000000000000      0.0000000000000     0.00000000000000      0.0000000000000
min              0.000000000000000     -935251.00000000000      1.00000000000000      0.0000000000000     0.00000000000000      1.0000000000000
max              1.000000000000000      600000.00000000000      5.00000000000000     52.0000000000000     1.00000000000000     19.0000000000000
range            1.000000000000000     1535251.00000000000      4.00000000000000     52.0000000000000     1.00000000000000     18.0000000000000
sum           4522.000000000000000  8893980368.00000000000 180726.00000000000000 803068.0000000000000 12320.00000000000000 807840.0000000000000
median           0.000000000000000       38500.00000000000      2.00000000000000      0.0000000000000     0.00000000000000      7.5000000000000
mean             0.047979797979798       94367.84194890078      1.91755793226381      8.5207961972668     0.13071895424837      8.5714285714286
SE.mean          0.000696175158187         457.19767445451      0.00293386411453      0.0517134336771     0.00109803357528      0.0178716315672
CI.mean.0.95     0.001364495760477         896.10248391719      0.00575034184862      0.1013577692083     0.00215213390007      0.0350282040655
var              0.045678221625467 19700632440.45592498779      0.81124518694165    252.0454681788635     0.11363271492631     30.1023602115414
std.dev          0.213724639724732      140358.94143393904      0.90069150486815     15.8759399148165     0.33709451927659      5.4865617841724
coef.var         4.454471438473368           1.48735987319      0.46970758469071      1.8631991127671     2.57877307246588      0.6400988748201
                       Ex_Medicare           Ex_Medicaid      Ex_Medicaid_Feds     Ex_Medicaid_State          PC_Medicare           PC_Medicaid
nbr.val         94248.000000000000    94248.000000000000    94248.000000000000    94248.000000000000  94248.0000000000000  94248.00000000000000
nbr.null            0.000000000000        0.000000000000        0.000000000000        0.000000000000      0.0000000000000      0.00000000000000
nbr.na              0.000000000000        0.000000000000        0.000000000000        0.000000000000      0.0000000000000      0.00000000000000
min               265.400000000000      248.100000000000      145.300000000000      102.800000000000      3.6000000000000     -0.90000000000000
max               804.500000000000      615.100000000000      387.700000000000      227.400000000000     18.8000000000000     10.70000000000000
range             539.100000000000      367.000000000000      242.400000000000      124.600000000000     15.2000000000000     11.60000000000000
sum          45852998.400000005960 36720367.199999988079 22407462.000000000000 14312232.000000000000 689356.8000000001630 550004.40000000013970
median            482.800000000000      359.550000000000      225.250000000000      136.500000000000      6.9000000000000      6.15000000000000
mean              486.514285714286      389.614285714286      237.750000000000      151.857142857143      7.3142857142857      5.83571428571429
SE.mean             0.509697997655        0.366737597368        0.247084613984        0.126703888529      0.0119808857370      0.00998279415652
CI.mean.0.95        0.999002548057        0.718801713810        0.484283163935        0.248338247494      0.0234824061195      0.01956616828982
var             24484.881016538617    12676.022863812264     5753.916407949322     1513.045645712103     13.5285108885618      9.39239557454652
std.dev           156.476455150731      112.587845098005       75.854574074009       38.897887419654      3.6781124083641      3.06470154738541
coef.var            0.321627667975        0.288972579359        0.319051836273        0.256147894579      0.5028669308310      0.52516305585552
                 PC_Medicaid_Feds    PC_Medicaid_State
nbr.val       94248.0000000000000  94248.0000000000000
nbr.null          0.0000000000000      0.0000000000000
nbr.na            0.0000000000000      0.0000000000000
min              -7.2000000000000     -9.9000000000000
max              21.8000000000000     21.8000000000000
range            29.0000000000000     31.7000000000000
sum          605206.8000000000466 505573.2000000000116
median            6.9500000000000      4.9000000000000
mean              6.4214285714286      5.3642857142857
SE.mean           0.0215528832519      0.0224726410006
CI.mean.0.95      0.0422434174467      0.0440461326599
var              43.7807196288173     47.5970866522466
std.dev           6.6167000558297      6.8990641867029
coef.var          1.0304093524095      1.2861105008501
