                    Year_Predictors             R0000100               Year   No_HealthI_03_21    General_H_02_19 Weeks_Worked_02_19
nbr.val         1442.00000000000000    1442.000000000000  1442.000000000000 1442.0000000000000 1442.0000000000000  1442.000000000000
nbr.null           0.00000000000000       0.000000000000     0.000000000000  612.0000000000000    0.0000000000000   456.000000000000
nbr.na             0.00000000000000       0.000000000000     0.000000000000    0.0000000000000    0.0000000000000     0.000000000000
min             2002.00000000000000     370.000000000000     1.000000000000    0.0000000000000    1.0000000000000     0.000000000000
max             2019.00000000000000    8892.000000000000    14.000000000000    1.0000000000000    5.0000000000000    53.000000000000
range             17.00000000000000    8522.000000000000    13.000000000000    1.0000000000000    4.0000000000000    53.000000000000
sum          2897287.00000000000000 7616322.000000000000 10815.000000000000  830.0000000000000 3420.0000000000000 38060.000000000000
median          2008.50000000000000    5493.000000000000     7.500000000000    1.0000000000000    2.0000000000000    27.500000000000
mean            2009.21428571428578    5281.776699029127     7.500000000000    0.5755894590846    2.3717059639390    26.393897364771
SE.mean            0.13365049118818      58.943598941889     0.106192707131    0.0130201955359    0.0290930572189     0.593114852998
CI.mean.0.95       0.26217035546426     115.624448137488     0.208308847419    0.0255405667538    0.0570692788692     1.163460982891
var               25.75765837216219 5010009.608672509901    16.261276891048    0.2444557591671    1.2205174207694   507.274299997786
std.dev            5.07520032827889    2238.305074978054     4.032527357756    0.4944246749173    1.1047703022662    22.522750720056
coef.var           0.00252596269316       0.423778815827     0.537670314367    0.8589884111214    0.4658125075637     0.853331753503
                NOArrests_02_19  MonthsIcar_02_19             NA_B18            NA_A18 B18_NOARREST B18_ARREST B18_INCAF Classification
nbr.val      1442.0000000000000 1442.000000000000 1442.0000000000000 1442.000000000000         1442       1442      1442           1442
nbr.null     1215.0000000000000 1117.000000000000   42.0000000000000  322.000000000000         1442       1442         0              0
nbr.na          0.0000000000000    0.000000000000    0.0000000000000    0.000000000000            0          0         0              0
min             0.0000000000000    0.000000000000    0.0000000000000    0.000000000000            0          0         1              4
max            19.0000000000000   12.000000000000   17.0000000000000   30.000000000000            0          0         1              4
range          19.0000000000000   12.000000000000   17.0000000000000   30.000000000000            0          0         0              0
sum           388.0000000000000 2714.000000000000 5866.0000000000000 6454.000000000000            0          0      1442           5768
median          0.0000000000000    0.000000000000    3.0000000000000    2.000000000000            0          0         1              4
mean            0.2690707350902    1.882108183079    4.0679611650485    4.475728155340            0          0         1              4
SE.mean         0.0247377806187    0.104597886623    0.0921562944135    0.150854839662            0          0         0              0
CI.mean.0.95    0.0485259177167    0.205180428990    0.1807748572405    0.295918605208            0          0         0              0
var             0.8824431330916   15.776515191619   12.2465925092472   32.815857380595            0          0         0              0
std.dev         0.9393844437139    3.971966161943    3.4995131817507    5.728512667403            0          0         0              0
coef.var        3.4912174428747    2.110381431659    0.8602621902633    1.279906300960          NaN        NaN         0              0
                       Hispanic              White              Black             Other_R               Male             Sample               PIB16
nbr.val      1442.0000000000000 1442.0000000000000 1442.0000000000000 1442.00000000000000 1442.0000000000000 1442.0000000000000 1442.00000000000000
nbr.null     1162.0000000000000  742.0000000000000  854.0000000000000 1288.00000000000000  294.0000000000000    0.0000000000000 1274.00000000000000
nbr.na          0.0000000000000    0.0000000000000    0.0000000000000    0.00000000000000    0.0000000000000    0.0000000000000    0.00000000000000
min             0.0000000000000    0.0000000000000    0.0000000000000    0.00000000000000    0.0000000000000    1.0000000000000    0.00000000000000
max             1.0000000000000    1.0000000000000    1.0000000000000    1.00000000000000    1.0000000000000    2.0000000000000    1.00000000000000
range           1.0000000000000    1.0000000000000    1.0000000000000    1.00000000000000    1.0000000000000    1.0000000000000    1.00000000000000
sum           280.0000000000000  700.0000000000000  588.0000000000000  154.00000000000000 1148.0000000000000 1904.0000000000000  168.00000000000000
median          0.0000000000000    0.0000000000000    0.0000000000000    0.00000000000000    1.0000000000000    1.0000000000000    0.00000000000000
mean            0.1941747572816    0.4854368932039    0.4077669902913    0.10679611650485    0.7961165048544    1.3203883495146    0.11650485436893
SE.mean         0.0104204105259    0.0131659960923    0.0129455452649    0.00813618923686    0.0106132246845    0.0122924025726    0.00845166168294
CI.mean.0.95    0.0204407982894    0.0258265708182    0.0253941319154    0.01596004328445    0.0208190247820    0.0241129196257    0.01657887769796
var             0.1565795058717    0.2499612593735    0.2416606590623    0.09545690357963    0.1624276560910    0.2178907581709    0.10300290386261
std.dev         0.3957012836367    0.4999612578726    0.4915899297812    0.30896100656820    0.4030231458503    0.4667877013921    0.32094065473637
coef.var        2.0378616107290    1.0299201912175    1.2055657801777    2.89299851604767    0.5062363905192    0.3535230385543    2.75474061982050
                          BMEA97              BFEA97          PHEALTH97              BBPHH               CC1Y                HT97
nbr.val       1442.0000000000000  1442.0000000000000 1442.0000000000000 1442.0000000000000 1442.0000000000000 1442.00000000000000
nbr.null         0.0000000000000     0.0000000000000    0.0000000000000 1120.0000000000000 1120.0000000000000 1274.00000000000000
nbr.na           0.0000000000000     0.0000000000000    0.0000000000000    0.0000000000000    0.0000000000000    0.00000000000000
min              1.0000000000000     3.0000000000000    1.0000000000000    0.0000000000000    0.0000000000000    0.00000000000000
max             18.0000000000000    16.0000000000000    5.0000000000000    1.0000000000000    1.0000000000000    1.00000000000000
range           17.0000000000000    13.0000000000000    4.0000000000000    1.0000000000000    1.0000000000000    1.00000000000000
sum          16436.0000000000000 15722.0000000000000 3990.0000000000000  322.0000000000000  322.0000000000000  168.00000000000000
median          12.0000000000000    12.0000000000000    3.0000000000000    0.0000000000000    0.0000000000000    0.00000000000000
mean            11.3980582524272    10.9029126213592    2.7669902912621    0.2233009708738    0.2233009708738    0.11650485436893
SE.mean          0.0733560091968     0.0651005675612    0.0284824044020    0.0109708353289    0.0109708353289    0.00845166168294
CI.mean.0.95     0.1438959994505     0.1277020292759    0.0558714152126    0.0215205179746    0.0215205179746    0.01657887769796
var              7.7595520909832     6.1113169791744    1.1698186938682    0.1735580065084    0.1735580065084    0.10300290386261
std.dev          2.7855972592935     2.4721078008805    1.0815815706031    0.4166029362696    0.4166029362696    0.32094065473637
coef.var         0.2443922638051     0.2267382934022    0.3908873746390    1.8656566276420    1.8656566276420    2.75474061982050
                             HHNW97               GH97             WW_97            NHIN_97       Wave_Outcome         Ex_Medicare         Ex_Medicaid
nbr.val             1442.0000000000 1442.0000000000000 1442.000000000000 1442.0000000000000  1442.000000000000   1442.000000000000   1442.000000000000
nbr.null               0.0000000000    0.0000000000000 1120.000000000000 1134.0000000000000     0.000000000000      0.000000000000      0.000000000000
nbr.na                 0.0000000000    0.0000000000000    0.000000000000    0.0000000000000     0.000000000000      0.000000000000      0.000000000000
min               -40000.0000000000    1.0000000000000    0.000000000000    0.0000000000000     1.000000000000    265.400000000000    248.100000000000
max               600000.0000000000    5.0000000000000   52.000000000000    1.0000000000000    19.000000000000    804.500000000000    615.100000000000
range             640000.0000000000    4.0000000000000   52.000000000000    1.0000000000000    18.000000000000    539.100000000000    367.000000000000
sum             79480016.0000000000 3206.0000000000000 8904.000000000000  308.0000000000000 12360.000000000000 701553.599999999977 561823.799999999930
median             10500.0000000000    2.0000000000000    0.000000000000    0.0000000000000     7.500000000000    482.800000000000    359.550000000000
mean               55117.9029126214    2.2233009708738    6.174757281553    0.2135922330097     8.571428571429    486.514285714286    389.614285714286
SE.mean             2971.6489635228    0.0264534354960    0.369396279661    0.0107965409106     0.144532654730      4.122063754199      2.965904838493
CI.mean.0.95        5829.2211136345    0.0518913662463    0.724612031613    0.0211786200196     0.283516933832      8.085888125641      5.817953371276
var          12733865884.9898738861    1.0090888878408  196.766107678729    0.1680871563033    30.122930504610  24501.612634083474  12684.684958857937
std.dev           112844.4322285769    1.0045341645961   14.027334304091    0.4099843366560     5.488436070923    156.529909710839    112.626306691012
coef.var               2.0473281142    0.4518210434646    2.271722379436    1.9194721216168     0.640317541608      0.321737540514      0.289071296461
                Ex_Medicaid_Feds   Ex_Medicaid_State         PC_Medicare        PC_Medicaid  PC_Medicaid_Feds PC_Medicaid_State
nbr.val        1442.000000000000   1442.000000000000  1442.0000000000000 1442.0000000000000 1442.000000000000 1442.000000000000
nbr.null          0.000000000000      0.000000000000     0.0000000000000    0.0000000000000    0.000000000000    0.000000000000
nbr.na            0.000000000000      0.000000000000     0.0000000000000    0.0000000000000    0.000000000000    0.000000000000
min             145.300000000000    102.800000000000     3.6000000000000   -0.9000000000000   -7.200000000000   -9.900000000000
max             387.700000000000    227.400000000000    18.8000000000000   10.7000000000000   21.800000000000   21.800000000000
range           242.400000000000    124.600000000000    15.2000000000000   11.6000000000000   29.000000000000   31.700000000000
sum          342835.500000000000 218978.000000000000 10547.2000000000007 8415.1000000000004 9259.700000000001 7735.300000000000
median          225.250000000000    136.500000000000     6.9000000000000    6.1500000000000    6.950000000000    4.900000000000
mean            237.750000000000    151.857142857143     7.3142857142857    5.8357142857143    6.421428571429    5.364285714286
SE.mean           1.998239224422      1.024688165980     0.0968926208597    0.0807335209233    0.174303919694    0.181742246107
CI.mean.0.95      3.919769266180      2.010040205065     0.1900656901955    0.1583678121208    0.341916592888    0.356507700354
var            5757.848317140873   1514.079577674234    13.5377555269158    9.3988138197680   43.810636958461   47.629611876673
std.dev          75.880487064468     38.911175485640     3.6793689033469    3.0657484925819    6.618960413725    6.901421004161
coef.var          0.319160828873      0.256235398306     0.5030387172545    0.5253424589492    1.030761354751    1.286549854304
