                     Year_Predictors              R0000100                 Year     No_HealthI_03_21     General_H_02_19  Weeks_Worked_02_19
nbr.val         17318.00000000000000    17318.000000000000  17318.0000000000000 17318.00000000000000 17318.0000000000000  17318.000000000000
nbr.null            0.00000000000000        0.000000000000      0.0000000000000 10459.00000000000000     0.0000000000000   3295.000000000000
nbr.na              0.00000000000000        0.000000000000      0.0000000000000     0.00000000000000     0.0000000000000      0.000000000000
min              2002.00000000000000       18.000000000000      1.0000000000000     0.00000000000000     1.0000000000000      0.000000000000
max              2019.00000000000000     9021.000000000000     14.0000000000000     1.00000000000000     5.0000000000000     53.000000000000
range              17.00000000000000     9003.000000000000     13.0000000000000     1.00000000000000     4.0000000000000     53.000000000000
sum          34795573.00000000000000 79908346.000000000000 129885.0000000000000  6859.00000000000000 40462.0000000000000 593675.000000000000
median           2008.50000000000000     4639.000000000000      7.5000000000000     0.00000000000000     2.0000000000000     46.000000000000
mean             2009.21428571428578     4614.178658043654      7.5000000000000     0.39606190091235     2.3364129807137     34.280806097702
SE.mean             0.03855371398086       19.532898690543      0.0306330580696     0.00371656231672     0.0075343596744      0.160101448983
CI.mean.0.95        0.07556917274320       38.286453960152      0.0600438872909     0.00728483745723     0.0147681058179      0.313815007826
var                25.74128230722907  6607408.085074320436     16.2509383842467     0.23921068439350     0.9830835580275    443.903184151231
std.dev             5.07358673003912     2570.487907980569      4.0312452647100     0.48909169323706     0.9915057024685     21.069010042032
coef.var            0.00252515959403        0.557084607788      0.5374993686280     1.23488700152784     0.4243709098747      0.614600776364
                  NOArrests_02_19    MonthsIcar_02_19              NA_B18              NA_A18 B18_NOARREST B18_ARREST B18_INCAF Classification
nbr.val      17318.00000000000000 17318.0000000000000 17318.0000000000000 17318.0000000000000        17318      17318     17318          17318
nbr.null     16000.00000000000000 16389.0000000000000     0.0000000000000  8092.0000000000000        17318          0     17318              0
nbr.na           0.00000000000000     0.0000000000000     0.0000000000000     0.0000000000000            0          0         0              0
min              0.00000000000000     0.0000000000000     1.0000000000000     0.0000000000000            0          1         0              2
max             30.00000000000000    12.0000000000000    17.0000000000000    55.0000000000000            0          1         0              2
range           30.00000000000000    12.0000000000000    16.0000000000000    55.0000000000000            0          0         0              0
sum           2027.00000000000000  7180.0000000000000 30394.0000000000000 35126.0000000000000            0      17318         0          34636
median           0.00000000000000     0.0000000000000     1.0000000000000     1.0000000000000            0          1         0              2
mean             0.11704584825038     0.4145975285830     1.7550525464834     2.0282942603072            0          1         0              2
SE.mean          0.00442032575772     0.0153002811973     0.0115604004669     0.0289120062722            0          0         0              0
CI.mean.0.95     0.00866428487104     0.0299900962432     0.0226595523403     0.0566704519679            0          0         0              0
var              0.33838124765239     4.0541196364713     2.3144270313670    14.4761873195386            0          0         0              0
std.dev          0.58170546469188     2.0134844515097     1.5213241046427     3.8047585100159            0          0         0              0
coef.var         4.96989404910406     4.8564796283071     0.8668253880438     1.8758414814228          NaN          0       NaN              0
                         Hispanic                White                Black              Other_R                 Male               Sample
nbr.val      17318.00000000000000 17318.00000000000000 17318.00000000000000 17318.00000000000000 17318.00000000000000 17318.00000000000000
nbr.null     13804.00000000000000  7518.00000000000000 12236.00000000000000 14882.00000000000000  5866.00000000000000     0.00000000000000
nbr.na           0.00000000000000     0.00000000000000     0.00000000000000     0.00000000000000     0.00000000000000     0.00000000000000
min              0.00000000000000     0.00000000000000     0.00000000000000     0.00000000000000     0.00000000000000     1.00000000000000
max              1.00000000000000     1.00000000000000     1.00000000000000     1.00000000000000     1.00000000000000     2.00000000000000
range            1.00000000000000     1.00000000000000     1.00000000000000     1.00000000000000     1.00000000000000     1.00000000000000
sum           3514.00000000000000  9800.00000000000000  5082.00000000000000  2436.00000000000000 11452.00000000000000 21574.00000000000000
median           0.00000000000000     1.00000000000000     0.00000000000000     0.00000000000000     1.00000000000000     1.00000000000000
mean             0.20291026677445     0.56588520614390     0.29345189975748     0.14066289409863     0.66127728375101     1.24575586095392
SE.mean          0.00305611216849     0.00376643203264     0.00346021433289     0.00264201469165     0.00359647988142     0.00327168577384
CI.mean.0.95     0.00599028847125     0.00738258713651     0.00678236952167     0.00517861559908     0.00704946375753     0.00641283450741
var              0.16174703023356     0.24567332562163     0.20734985536943     0.12088382456406     0.22400257241343     0.18537062168852
std.dev          0.40217785895492     0.49565444174509     0.45535684399099     0.34768351206817     0.47328910024786     0.43054688674815
coef.var         1.98204785469016     0.87589220634096     1.55172566395828     2.47175002545013     0.71571958069268     0.34561096619562
                            PIB16               BMEA97               BFEA97            PHEALTH97                BBPHH                 CC1Y
nbr.val      17318.00000000000000  17318.0000000000000  17318.0000000000000 17318.00000000000000 17318.00000000000000 17318.00000000000000
nbr.null     15596.00000000000000      0.0000000000000      0.0000000000000     0.00000000000000 10794.00000000000000 12404.00000000000000
nbr.na           0.00000000000000      0.0000000000000      0.0000000000000     0.00000000000000     0.00000000000000     0.00000000000000
min              0.00000000000000      2.0000000000000      2.0000000000000     1.00000000000000     0.00000000000000     0.00000000000000
max              1.00000000000000     20.0000000000000     20.0000000000000     5.00000000000000     1.00000000000000     1.00000000000000
range            1.00000000000000     18.0000000000000     18.0000000000000     4.00000000000000     1.00000000000000     1.00000000000000
sum           1722.00000000000000 210364.0000000000000 207564.0000000000000 41874.00000000000000  6524.00000000000000  4914.00000000000000
median           0.00000000000000     12.0000000000000     12.0000000000000     2.00000000000000     0.00000000000000     0.00000000000000
mean             0.09943411479386     12.1471301535974     11.9854486661277     2.41794664510914     0.37671786580437     0.28375101050930
SE.mean          0.00227399299772      0.0209248443737      0.0224369327959     0.00850890631108     0.00368225719354     0.00342581882163
CI.mean.0.95     0.00445725591435      0.0410148080645      0.0439786540700     0.01667831564027     0.00721759595150     0.00671495084616
var              0.08955214265317      7.5826709227137      8.7181574790012     1.25384894512329     0.23481507440621     0.20324811077885
std.dev          0.29925264017745      2.7536649982730      2.9526526173936     1.11975396633515     0.48457721201704     0.45083046789103
coef.var         3.00955703983334      0.2266926396156      0.2463531153188     0.46310118901925     1.28631332889502     1.58882418456185
                             HT97                  HHNW97                 GH97               WW_97              NHIN_97         Wave_Outcome
nbr.val      17318.00000000000000       17318.00000000000 17318.00000000000000  17318.000000000000 17318.00000000000000  17318.0000000000000
nbr.null     16296.00000000000000           0.00000000000     0.00000000000000  12250.000000000000 14588.00000000000000      0.0000000000000
nbr.na           0.00000000000000           0.00000000000     0.00000000000000      0.000000000000     0.00000000000000      0.0000000000000
min              0.00000000000000     -313250.00000000000     1.00000000000000      0.000000000000     0.00000000000000      1.0000000000000
max              1.00000000000000      600000.00000000000     5.00000000000000     52.000000000000     1.00000000000000     19.0000000000000
range            1.00000000000000      913250.00000000000     4.00000000000000     52.000000000000     1.00000000000000     18.0000000000000
sum           1022.00000000000000  1212860754.00000000000 35392.00000000000000 131936.000000000000  2730.00000000000000 148440.0000000000000
median           0.00000000000000       23000.00000000000     2.00000000000000      0.000000000000     0.00000000000000      7.5000000000000
mean             0.05901374292643       70034.68957154406     2.04365400161681      7.618431689572     0.15763945028294      8.5714285714286
SE.mean          0.00179073735076         919.63348286642     0.00706639945991      0.112340695652     0.00276914142852      0.0416928556104
CI.mean.0.95     0.00351002604482        1802.57449546015     0.01385085654066      0.220199108186     0.00542779684122      0.0817222073427
var              0.05553432781251 14646278413.96657180786     0.86475703498168    218.560639637621     0.13279692214169     30.1037791105355
std.dev          0.23565722524995      121021.80966241816     0.92992313391037     14.783796523141     0.36441312015580      5.4866910894031
coef.var         3.99326010457797           1.72802664512     0.45502963474965      1.940530167564     2.31168733144987      0.6401139604304
                      Ex_Medicare          Ex_Medicaid     Ex_Medicaid_Feds    Ex_Medicaid_State          PC_Medicare          PC_Medicaid
nbr.val        17318.000000000000   17318.000000000000   17318.000000000000   17318.000000000000  17318.0000000000000  17318.0000000000000
nbr.null           0.000000000000       0.000000000000       0.000000000000       0.000000000000      0.0000000000000      0.0000000000000
nbr.na             0.000000000000       0.000000000000       0.000000000000       0.000000000000      0.0000000000000      0.0000000000000
min              265.400000000000     248.100000000000     145.300000000000     102.800000000000      3.6000000000000     -0.9000000000000
max              804.500000000000     615.100000000000     387.700000000000     227.400000000000     18.8000000000000     10.7000000000000
range            539.100000000000     367.000000000000     242.400000000000     124.600000000000     15.2000000000000     11.6000000000000
sum          8425454.400000000373 6747340.200000000186 4117354.500000000000 2629862.000000000000 126668.7999999999884 101062.8999999999942
median           482.800000000000     359.550000000000     225.250000000000     136.500000000000      6.9000000000000      6.1500000000000
mean             486.514285714286     389.614285714286     237.750000000000     151.857142857143      7.3142857142857      5.8357142857143
SE.mean            1.189078061572       0.855564733217       0.576425442501       0.295588397166      0.0279502930238      0.0232889310520
CI.mean.0.95       2.330713079542       1.676993276174       1.129852077535       0.579383108393      0.0547853968825      0.0456486566909
var            24486.035131126311   12676.620358359663    5754.187623433620    1513.116964337274     13.5291485658189      9.3928382926769
std.dev          156.480142929147     112.590498526117      75.856361786165      38.898804150478      3.6781990927380      3.0647737751222
coef.var           0.321635247975       0.288979389756       0.319059355567       0.256153931377      0.5028787822103      0.5251754327015
                 PC_Medicaid_Feds   PC_Medicaid_State
nbr.val       17318.0000000000000 17318.0000000000000
nbr.null          0.0000000000000     0.0000000000000
nbr.na            0.0000000000000     0.0000000000000
min              -7.2000000000000    -9.9000000000000
max              21.8000000000000    21.8000000000000
range            29.0000000000000    31.7000000000000
sum          111206.3000000000029 92898.6999999999971
median            6.9500000000000     4.9000000000000
mean              6.4214285714286     5.3642857142857
SE.mean           0.0502808736868     0.0524265830401
CI.mean.0.95      0.0985555900322     0.1027613970489
var              43.7827832682995    47.5993301792623
std.dev           6.6168559957354     6.8992267812605
coef.var          1.0304336367107     1.2861408114201
