                      Year_Predictors               R0000100                 Year      No_HealthI_03_21      General_H_02_19    Weeks_Worked_02_19
nbr.val         115360.00000000000000    115360.000000000000 115360.0000000000000 115360.00000000000000 115360.0000000000000  115360.0000000000000
nbr.null             0.00000000000000         0.000000000000      0.0000000000000  82456.00000000000000      0.0000000000000   17489.0000000000000
nbr.na               0.00000000000000         0.000000000000      0.0000000000000      0.00000000000000      0.0000000000000       0.0000000000000
min               2002.00000000000000         1.000000000000      1.0000000000000      0.00000000000000      1.0000000000000       0.0000000000000
max               2019.00000000000000      9022.000000000000     14.0000000000000      1.00000000000000      5.0000000000000      53.0000000000000
range               17.00000000000000      9021.000000000000     13.0000000000000      1.00000000000000      4.0000000000000      53.0000000000000
sum          231782960.00000000000000 525796572.000000000000 865200.0000000000000  32904.00000000000000 257133.0000000000000 4301007.0000000000000
median            2008.50000000000000      4577.500000000000      7.5000000000000      0.00000000000000      2.0000000000000      51.0000000000000
mean              2009.21428571428578      4557.875970873786      7.5000000000000      0.28522884882108      2.2289615117892      37.2833477808599
SE.mean              0.01493746182109         7.653652671141      0.0118686395714      0.00132939637761      0.0028345698092       0.0588987962651
CI.mean.0.95         0.02927719437063        15.001040978860      0.0232623501776      0.00260559635962      0.0055557130291       0.1154407306343
var                 25.74001904613302   6757604.132918898948     16.2501408646053      0.20387511991601      0.9268929133324     400.1917077218686
std.dev              5.07346223462174      2599.539215499335      4.0311463462153      0.45152532588550      0.9627527789274      20.0047921189366
coef.var             0.00252509763179         0.570340051399      0.5374861794954      1.58302825170653      0.4319288484055       0.5365610469456
                   NOArrests_02_19      MonthsIcar_02_19                NA_B18                NA_A18          B18_NOARREST            B18_ARREST
nbr.val      115360.00000000000000 115360.00000000000000 115360.00000000000000 115360.00000000000000 115360.00000000000000 115360.00000000000000
nbr.null     111413.00000000000000 112662.00000000000000  94360.00000000000000  82600.00000000000000  21042.00000000000000  95760.00000000000000
nbr.na            0.00000000000000      0.00000000000000      0.00000000000000      0.00000000000000      0.00000000000000      0.00000000000000
min               0.00000000000000      0.00000000000000      0.00000000000000      0.00000000000000      0.00000000000000      0.00000000000000
max              60.00000000000000     12.00000000000000     17.00000000000000     68.00000000000000      1.00000000000000      1.00000000000000
range            60.00000000000000     12.00000000000000     17.00000000000000     68.00000000000000      1.00000000000000      1.00000000000000
sum            6034.00000000000000  20184.00000000000000  44688.00000000000000 105280.00000000000000  94318.00000000000000  19600.00000000000000
median            0.00000000000000      0.00000000000000      0.00000000000000      0.00000000000000      1.00000000000000      0.00000000000000
mean              0.05230582524272      0.17496532593620      0.38737864077670      0.91262135922330      0.81759708737864      0.16990291262136
SE.mean           0.00138394174107      0.00387023976126      0.00354170431826      0.00838707180221      0.00113699828846      0.00110570459822
CI.mean.0.95      0.00271250442922      0.00758561013301      0.00694168574092      0.01643853114369      0.00222849907762      0.00216716392827
var               0.22094840151601      1.72794927020262      1.44703771098025      8.11476541319682      0.14913338285371      0.14103713548680
std.dev           0.47005148815423      1.31451484213858      1.20292880544954      2.84864273175785      0.38617791606164      0.37554911195048
coef.var          8.98659921668421      7.51300199113688      3.10530493637349      3.12138512096871      0.47233279328305      2.21037477319427
                          B18_INCAF        Classification              Hispanic                 White                 Black               Other_R
nbr.val      115360.000000000000000 115360.00000000000000 115360.00000000000000 115360.00000000000000 115360.00000000000000 115360.00000000000000
nbr.null     113918.000000000000000      0.00000000000000  90720.00000000000000  48384.00000000000000  83636.00000000000000  98658.00000000000000
nbr.na            0.000000000000000      0.00000000000000      0.00000000000000      0.00000000000000      0.00000000000000      0.00000000000000
min               0.000000000000000      1.00000000000000      0.00000000000000      0.00000000000000      0.00000000000000      0.00000000000000
max               1.000000000000000      4.00000000000000      1.00000000000000      1.00000000000000      1.00000000000000      1.00000000000000
range             1.000000000000000      3.00000000000000      1.00000000000000      1.00000000000000      1.00000000000000      1.00000000000000
sum            1442.000000000000000 141708.00000000000000  24640.00000000000000  66976.00000000000000  31724.00000000000000  16702.00000000000000
median            0.000000000000000      1.00000000000000      0.00000000000000      1.00000000000000      0.00000000000000      0.00000000000000
mean              0.012500000000000      1.22839805825243      0.21359223300971      0.58058252427184      0.27500000000000      0.14478155339806
SE.mean           0.000327113010006      0.00159100828006      0.00120667658022      0.00145287917686      0.00131464837479      0.00103602301807
CI.mean.0.95      0.000641136445389      0.00311835164625      0.00236506745287      0.00284762073822      0.00257669050196      0.00203058910783
var               0.012343857002921      0.29201161557542      0.16797204707600      0.24350856763988      0.19937672830035      0.12382092853740
std.dev           0.111102911766170      0.54038099113072      0.40984393014415      0.49346587282190      0.44651621280794      0.35188198097856
coef.var          8.888232941293584      0.43990707043244      1.91881476385671      0.84994958027852      1.62369531930162      2.43043379988546
                              Male                Sample                  PIB16                 BMEA97                 BFEA97             PHEALTH97
nbr.val      115360.00000000000000 115360.00000000000000 115360.000000000000000  115360.00000000000000  115360.00000000000000 115360.00000000000000
nbr.null      56784.00000000000000      0.00000000000000 107688.000000000000000       0.00000000000000       0.00000000000000      0.00000000000000
nbr.na            0.00000000000000      0.00000000000000      0.000000000000000       0.00000000000000       0.00000000000000      0.00000000000000
min               0.00000000000000      1.00000000000000      0.000000000000000       1.00000000000000       1.00000000000000      1.00000000000000
max               1.00000000000000      2.00000000000000      1.000000000000000      20.00000000000000      20.00000000000000      5.00000000000000
range             1.00000000000000      1.00000000000000      1.000000000000000      19.00000000000000      19.00000000000000      4.00000000000000
sum           58576.00000000000000 144872.00000000000000   7672.000000000000000 1431122.00000000000000 1426740.00000000000000 269024.00000000000000
median            1.00000000000000      1.00000000000000      0.000000000000000      12.00000000000000      12.00000000000000      2.00000000000000
mean              0.50776699029126      1.25582524271845      0.066504854368932      12.40570388349515      12.36771844660194      2.33203883495146
SE.mean           0.00147194593340      0.00128464586500      0.000733596015803       0.00860522486498       0.00932180867757      0.00324080553555
CI.mean.0.95      0.00288499128643      0.00251788604633      0.001437836856183       0.01686610777605       0.01827060097678      0.00635192877599
var               0.24994184048665      0.19038033822149      0.062082496877414       8.54239588454009      10.02433605956315      1.21160537509877
std.dev           0.49994183710372      0.43632595410025      0.249163594606864       2.92273773789919       3.16612319083815      1.10072947407561
coef.var          0.98458908645666      0.34744161787650      3.746547480949925       0.23559628420502       0.25599897058685      0.47200306340461
                             BBPHH                  CC1Y                   HT97                  HHNW97                  GH97                WW_97
nbr.val      115360.00000000000000 115360.00000000000000 115360.000000000000000      115360.00000000000 115360.00000000000000 115360.0000000000000
nbr.null      59626.00000000000000  82628.00000000000000 109438.000000000000000          70.00000000000      0.00000000000000  80262.0000000000000
nbr.na            0.00000000000000      0.00000000000000      0.000000000000000           0.00000000000      0.00000000000000      0.0000000000000
min               0.00000000000000      0.00000000000000      0.000000000000000     -935251.00000000000      1.00000000000000      0.0000000000000
max               1.00000000000000      1.00000000000000      1.000000000000000      600000.00000000000      5.00000000000000     52.0000000000000
range             1.00000000000000      1.00000000000000      1.000000000000000     1535251.00000000000      4.00000000000000     52.0000000000000
sum           55734.00000000000000  32732.00000000000000   5922.000000000000000 10293476326.00000000000 224420.00000000000000 955850.0000000000000
median            0.00000000000000      0.00000000000000      0.000000000000000       34352.50000000000      2.00000000000000      0.0000000000000
mean              0.48313106796117      0.28373786407767      0.051334951456311       89229.16371359224      1.94538834951456      8.2858009708738
SE.mean           0.00147128550311      0.00132729941494      0.000649736532895         403.12655662152      0.00268159635324      0.0460146672139
CI.mean.0.95      0.00288369685327      0.00260148634519      0.001273473565395         790.12182227032      0.00525588741900      0.0901880367666
var               0.24971760381290      0.20323245029005      0.048700096372851 18747271342.59033203125      0.82954903043492    244.2574497177530
std.dev           0.49971752402022      0.45081309906662      0.220680983260568      136920.67536566686      0.91079582258315     15.6287379438569
coef.var          1.03433117255127      1.58883658524762      4.298844685737780           1.53448345437      0.46818200736651      1.8862072597200
                           NHIN_97         Wave_Outcome           Ex_Medicare           Ex_Medicaid      Ex_Medicaid_Feds     Ex_Medicaid_State
nbr.val      115360.00000000000000 115360.0000000000000   115360.000000000000   115360.000000000000   115360.000000000000   115360.000000000000
nbr.null      99512.00000000000000      0.0000000000000        0.000000000000        0.000000000000        0.000000000000        0.000000000000
nbr.na            0.00000000000000      0.0000000000000        0.000000000000        0.000000000000        0.000000000000        0.000000000000
min               0.00000000000000      1.0000000000000      265.400000000000      248.100000000000      145.300000000000      102.800000000000
max               1.00000000000000     19.0000000000000      804.500000000000      615.100000000000      387.700000000000      227.400000000000
range             1.00000000000000     18.0000000000000      539.100000000000      367.000000000000      242.400000000000      124.600000000000
sum           15848.00000000000000 988800.0000000000000 56124288.000000022352 44945903.999999985099 27426840.000000000000 17518239.999999996275
median            0.00000000000000      7.5000000000000      482.800000000000      359.550000000000      225.250000000000      136.500000000000
mean              0.13737864077670      8.5714285714286      486.514285714286      389.614285714286      237.750000000000      151.857142857143
SE.mean           0.00101354718074      0.0161537080241        0.460702908048        0.331484679900        0.223333426303        0.114524385371
CI.mean.0.95      0.00198653681394      0.0316610181363        0.902970581454        0.649704850834        0.437730064830        0.224466025811
var               0.11850677711293     30.1023017586095    24484.833471659280    12675.998249439946     5753.905234962159     1513.042707671579
std.dev           0.34424813305657      5.4865564572516      156.476303227228      112.587735786097       75.854500426555       38.897849653568
coef.var          2.50583446677220      0.6400982533460        0.321627355705        0.288972298795        0.319051526505        0.256147645884
                      PC_Medicare          PC_Medicaid     PC_Medicaid_Feds    PC_Medicaid_State
nbr.val      115360.0000000000000 115360.0000000000000 115360.0000000000000 115360.0000000000000
nbr.null          0.0000000000000      0.0000000000000      0.0000000000000      0.0000000000000
nbr.na            0.0000000000000      0.0000000000000      0.0000000000000      0.0000000000000
min               3.6000000000000     -0.9000000000000     -7.2000000000000     -9.9000000000000
max              18.8000000000000     10.7000000000000     21.8000000000000     21.8000000000000
range            15.2000000000000     11.6000000000000     29.0000000000000     31.7000000000000
sum          843776.0000000001164 673208.0000000002328 740776.0000000002328 618823.9999999994179
median            6.9000000000000      6.1500000000000      6.9500000000000      4.9000000000000
mean              7.3142857142857      5.8357142857143      6.4214285714286      5.3642857142857
SE.mean           0.0108292144082      0.0090231908297      0.0194810967213      0.0203124420895
CI.mean.0.95      0.0212250929179      0.0176853146089      0.0381826485714      0.0398120726480
var              13.5284846188235      9.3923773363401     43.7806346151703     47.5969942279567
std.dev           3.6781088372727      3.0646985718566      6.6166936316540      6.8990574883789
coef.var          0.5028664425959      0.5251625459730      1.0304083519817      1.2861092521612
