                    Year_Predictors              R0000100                Year   No_HealthI_03_21    General_H_02_19 Weeks_Worked_02_19
nbr.val         2352.00000000000000     2352.000000000000  2352.0000000000000 2352.0000000000000 2352.0000000000000  2352.000000000000
nbr.null           0.00000000000000        0.000000000000     0.0000000000000 1107.0000000000000    0.0000000000000   673.000000000000
nbr.na             0.00000000000000        0.000000000000     0.0000000000000    0.0000000000000    0.0000000000000     0.000000000000
min             2002.00000000000000       24.000000000000     1.0000000000000    0.0000000000000    1.0000000000000     0.000000000000
max             2019.00000000000000     8937.000000000000    14.0000000000000    1.0000000000000    5.0000000000000    53.000000000000
range             17.00000000000000     8913.000000000000    13.0000000000000    1.0000000000000    4.0000000000000    53.000000000000
sum          4725672.00000000000000 11967648.000000000000 17640.0000000000000 1245.0000000000000 5389.0000000000000 65276.000000000000
median          2008.50000000000000     5417.000000000000     7.5000000000000    1.0000000000000    2.0000000000000    31.000000000000
mean            2009.21428571428578     5088.285714285715     7.5000000000000    0.5293367346939    2.2912414965986    27.753401360544
SE.mean            0.10463482084390       55.498771383863     0.0831381522569    0.0102942533927    0.0212779011869     0.454385396480
CI.mean.0.95       0.20518611536505      108.831622359981     0.1630317170006    0.0201867585493    0.0417254012808     0.891037740883
var               25.75074436410038  7244427.246278179809    16.2569119523607    0.2492453276504    1.0648658336155   485.608240233567
std.dev            5.07451912639024     2691.547370246004     4.0319861051795    0.4992447572588    1.0319233661544    22.036520601800
coef.var           0.00252562365422        0.528969386033     0.5375981473573    0.9431515414239    0.4503773904612     0.794011527291
                NOArrests_02_19   MonthsIcar_02_19            NA_B18            NA_A18        B18_NOARREST          B18_ARREST B18_INCAF
nbr.val      2352.0000000000000 2352.0000000000000 2352.000000000000 2352.000000000000 2352.00000000000000 2352.00000000000000      2352
nbr.null     2053.0000000000000 1946.0000000000000   70.000000000000  532.000000000000 2282.00000000000000   70.00000000000000      2352
nbr.na          0.0000000000000    0.0000000000000    0.000000000000    0.000000000000    0.00000000000000    0.00000000000000         0
min             0.0000000000000    0.0000000000000    0.000000000000    0.000000000000    0.00000000000000    0.00000000000000         0
max            50.0000000000000   12.0000000000000   14.000000000000   60.000000000000    1.00000000000000    1.00000000000000         0
range          50.0000000000000   12.0000000000000   14.000000000000   60.000000000000    1.00000000000000    1.00000000000000         0
sum           563.0000000000000 3469.0000000000000 8428.000000000000 9814.000000000000   70.00000000000000 2282.00000000000000         0
median          0.0000000000000    0.0000000000000    3.000000000000    2.000000000000    0.00000000000000    1.00000000000000         0
mean            0.2393707482993    1.4749149659864    3.583333333333    4.172619047619    0.02976190476190    0.97023809523810         0
SE.mean         0.0266127257454    0.0752200566638    0.058783962143    0.128146667729    0.00350463834277    0.00350463834277         0
CI.mean.0.95    0.0521868510974    0.1475045410304    0.115273794523    0.251292225058    0.00687250306840    0.00687250306840         0
var             1.6657738276085   13.3077498864284    8.127463490713   38.623528994754    0.02888841627676    0.02888841627676         0
std.dev         1.2906486073322    3.6479788769164    2.850870654855    6.214783101183    0.16996592681112    0.16996592681112         0
coef.var        5.3918392974161    2.4733486072377    0.795591810657    1.489420201140    5.71085514085350    0.17517960554765       NaN
             Classification            Hispanic              White               Black             Other_R                Male              Sample
nbr.val                2352 2352.00000000000000 2352.0000000000000 2352.00000000000000 2352.00000000000000 2352.00000000000000 2352.00000000000000
nbr.null                  0 1708.00000000000000 1260.0000000000000 1484.00000000000000 1960.00000000000000  602.00000000000000    0.00000000000000
nbr.na                    0    0.00000000000000    0.0000000000000    0.00000000000000    0.00000000000000    0.00000000000000    0.00000000000000
min                       3    0.00000000000000    0.0000000000000    0.00000000000000    0.00000000000000    0.00000000000000    1.00000000000000
max                       3    1.00000000000000    1.0000000000000    1.00000000000000    1.00000000000000    1.00000000000000    2.00000000000000
range                     0    1.00000000000000    1.0000000000000    1.00000000000000    1.00000000000000    1.00000000000000    1.00000000000000
sum                    7056  644.00000000000000 1092.0000000000000  868.00000000000000  392.00000000000000 1750.00000000000000 3206.00000000000000
median                    3    0.00000000000000    0.0000000000000    0.00000000000000    0.00000000000000    1.00000000000000    1.00000000000000
mean                      3    0.27380952380952    0.4642857142857    0.36904761904762    0.16666666666667    0.74404761904762    1.36309523809524
SE.mean                   0    0.00919651396978    0.0102856788397    0.00995206447813    0.00768612489512    0.00900023062319    0.00991793391222
CI.mean.0.95              0    0.01803412058377    0.0201699440779    0.01951573514113    0.01507228756853    0.01764921413414    0.01944880600437
var                       0    0.19892244434992    0.2488302849851    0.23295051751028    0.13894796540479    0.19052176378846    0.23135545158089
std.dev                   0    0.44600722454902    0.4988289135416    0.48264947685694    0.37275724728675    0.43648798813766    0.48099423237799
coef.var                  0    1.62889595052686    1.0744007368589    1.30782438890268    2.23654348372048    0.58663985605701    0.35286913117686
                          PIB16              BMEA97              BFEA97          PHEALTH97               BBPHH                CC1Y                HT97
nbr.val      2352.0000000000000  2352.0000000000000  2352.0000000000000 2352.0000000000000 2352.00000000000000 2352.00000000000000 2352.00000000000000
nbr.null     2002.0000000000000     0.0000000000000     0.0000000000000    0.0000000000000 1876.00000000000000 1820.00000000000000 2142.00000000000000
nbr.na          0.0000000000000     0.0000000000000     0.0000000000000    0.0000000000000    0.00000000000000    0.00000000000000    0.00000000000000
min             0.0000000000000     2.0000000000000     2.0000000000000    1.0000000000000    0.00000000000000    0.00000000000000    0.00000000000000
max             1.0000000000000    20.0000000000000    19.0000000000000    5.0000000000000    1.00000000000000    1.00000000000000    1.00000000000000
range           1.0000000000000    18.0000000000000    17.0000000000000    4.0000000000000    1.00000000000000    1.00000000000000    1.00000000000000
sum           350.0000000000000 27020.0000000000000 25788.0000000000000 6258.0000000000000  476.00000000000000  532.00000000000000  210.00000000000000
median          0.0000000000000    12.0000000000000    12.0000000000000    3.0000000000000    0.00000000000000    0.00000000000000    0.00000000000000
mean            0.1488095238095    11.4880952380952    10.9642857142857    2.6607142857143    0.20238095238095    0.22619047619048    0.08928571428571
SE.mean         0.0073401076070     0.0630069963302     0.0588905161662    0.0236899098889    0.00828621621718    0.00862835247716    0.00588106187479
CI.mean.0.95    0.0143937568211     0.1235550528355     0.1154827441433    0.0464552865312    0.01624905077455    0.01691997092851    0.01153260674197
var             0.1267191266128     9.3371614915639     8.1569544874521    1.3199702254360    0.16149156387353    0.17510279313767    0.08134836239898
std.dev         0.3559763006336     3.0556769285322     2.8560382503482    1.1488995715188    0.40186012973861    0.41845285652947    0.28521634314846
coef.var        2.3921607402578     0.2659863854888     0.2604855733217    0.4318011812419    1.98566181753193    1.85000210255133    3.19442304326273
                             HHNW97               GH97              WW_97             NHIN_97       Wave_Outcome          Ex_Medicare
nbr.val            2352.00000000000 2352.0000000000000  2352.000000000000 2352.00000000000000  2352.000000000000    2352.000000000000
nbr.null              0.00000000000    0.0000000000000  1750.000000000000 1862.00000000000000     0.000000000000       0.000000000000
nbr.na                0.00000000000    0.0000000000000     0.000000000000    0.00000000000000     0.000000000000       0.000000000000
min              -45500.00000000000    1.0000000000000     0.000000000000    0.00000000000000     1.000000000000     265.400000000000
max              600000.00000000000    5.0000000000000    52.000000000000    1.00000000000000    19.000000000000     804.500000000000
range            645500.00000000000    4.0000000000000    52.000000000000    1.00000000000000    18.000000000000     539.100000000000
sum           107155188.00000000000 5096.0000000000000 11942.000000000000  490.00000000000000 20160.000000000000 1144281.600000000093
median            11780.00000000000    2.0000000000000     0.000000000000    0.00000000000000     7.500000000000     482.800000000000
mean              45559.17857142857    2.1666666666667     5.077380952381    0.20833333333333     8.571428571429     486.514285714286
SE.mean            1850.22108381095    0.0205830759132     0.237101660608    0.00837576042132     0.113154454573       3.227159126714
CI.mean.0.95       3628.23459429477    0.0403628673021     0.464950083485    0.01642464458980     0.221892891705       6.328373666957
var          8051644074.71756744385    0.9964554090458   132.222848433291    0.16500070891819    30.114844746916   24495.035780518931
std.dev           89730.95382708003    0.9982261312177    11.498819436503    0.40620279284883     5.487699403841     156.508900004182
coef.var              1.96954722716    0.4607197528697     2.264714730753    1.94977340567439     0.640231597115       0.321694356363
                     Ex_Medicaid    Ex_Medicaid_Feds   Ex_Medicaid_State         PC_Medicare        PC_Medicaid   PC_Medicaid_Feds  PC_Medicaid_State
nbr.val        2352.000000000000   2352.000000000000   2352.000000000000  2352.0000000000000  2352.000000000000  2352.000000000000  2352.000000000000
nbr.null          0.000000000000      0.000000000000      0.000000000000     0.0000000000000     0.000000000000     0.000000000000     0.000000000000
nbr.na            0.000000000000      0.000000000000      0.000000000000     0.0000000000000     0.000000000000     0.000000000000     0.000000000000
min             248.100000000000    145.300000000000    102.800000000000     3.6000000000000    -0.900000000000    -7.200000000000    -9.900000000000
max             615.100000000000    387.700000000000    227.400000000000    18.8000000000000    10.700000000000    21.800000000000    21.800000000000
range           367.000000000000    242.400000000000    124.600000000000    15.2000000000000    11.600000000000    29.000000000000    31.700000000000
sum          916372.799999999930 559188.000000000000 357168.000000000000 17203.2000000000007 13725.600000000000 15103.200000000001 12616.800000000001
median          359.550000000000    225.250000000000    136.500000000000     6.9000000000000     6.150000000000     6.950000000000     4.900000000000
mean            389.614285714286    237.750000000000    151.857142857143     7.3142857142857     5.835714285714     6.421428571429     5.364285714286
SE.mean           2.322003598018      1.564419265442      0.802227225018     0.0758571250627     0.063206183702     0.136462344787     0.142285802260
CI.mean.0.95      4.553387622766      3.067784789895      1.573146363839     0.1487538153058     0.123945654002     0.267599047762     0.279018693795
var           12681.280068056149   5756.302764780943   1513.673160357295    13.5341216503615     9.396290940026    43.798877073586    47.616826882178
std.dev         112.611189799487     75.870302258400     38.905952762492     3.6788750522900     3.065337002684     6.618072005772     6.900494683874
coef.var          0.289032496827      0.319117990572      0.256201005962     0.5029711985553     0.525271946604     1.030623004236     1.286377171428
