                         R0000100           NA_B18           NA_A18      B18_NOARREST        B18_ARREST B18_INCAF Classification          Hispanic
nbr.val          168.000000000000 168.000000000000 168.000000000000 168.0000000000000 168.0000000000000       168            168 168.0000000000000
nbr.null           0.000000000000   5.000000000000  38.000000000000 163.0000000000000   5.0000000000000       168              0 122.0000000000000
nbr.na             0.000000000000   0.000000000000   0.000000000000   0.0000000000000   0.0000000000000         0              0   0.0000000000000
min               24.000000000000   0.000000000000   0.000000000000   0.0000000000000   0.0000000000000         0              3   0.0000000000000
max             8937.000000000000  14.000000000000  60.000000000000   1.0000000000000   1.0000000000000         0              3   1.0000000000000
range           8913.000000000000  14.000000000000  60.000000000000   1.0000000000000   1.0000000000000         0              0   1.0000000000000
sum           854832.000000000000 602.000000000000 701.000000000000   5.0000000000000 163.0000000000000         0            504  46.0000000000000
median          5417.000000000000   3.000000000000   2.000000000000   0.0000000000000   1.0000000000000         0              3   0.0000000000000
mean            5088.285714285715   3.583333333333   4.172619047619   0.0297619047619   0.9702380952381         0              3   0.2738095238095
SE.mean          208.233907123136   0.220560091836   0.480812108822   0.0131495619988   0.0131495619988         0              0   0.0345057374801
CI.mean.0.95     411.110155101684   0.435445383592   0.949253382235   0.0259607983518   0.0259607983518         0              0   0.0681236753578
var          7284708.492728828453   8.172654690619  38.838287710294   0.0290490447676   0.0290490447676         0              0   0.2000285143998
std.dev         2699.019913362780   2.858785527216   6.232037203860   0.1704378032234   0.1704378032234         0              0   0.4472454744319
coef.var           0.530437963769   0.797800612246   1.493555278528   5.7267101883052   0.1756659566965       NaN              0   1.6334182544468
                         White             Black           Other_R              Male            Sample             PIB16            BMEA97
nbr.val      168.0000000000000 168.0000000000000 168.0000000000000 168.0000000000000 168.0000000000000 168.0000000000000  168.000000000000
nbr.null      90.0000000000000 106.0000000000000 140.0000000000000  43.0000000000000   0.0000000000000 143.0000000000000    0.000000000000
nbr.na         0.0000000000000   0.0000000000000   0.0000000000000   0.0000000000000   0.0000000000000   0.0000000000000    0.000000000000
min            0.0000000000000   0.0000000000000   0.0000000000000   0.0000000000000   1.0000000000000   0.0000000000000    2.000000000000
max            1.0000000000000   1.0000000000000   1.0000000000000   1.0000000000000   2.0000000000000   1.0000000000000   20.000000000000
range          1.0000000000000   1.0000000000000   1.0000000000000   1.0000000000000   1.0000000000000   1.0000000000000   18.000000000000
sum           78.0000000000000  62.0000000000000  28.0000000000000 125.0000000000000 229.0000000000000  25.0000000000000 1930.000000000000
median         0.0000000000000   0.0000000000000   0.0000000000000   1.0000000000000   1.0000000000000   0.0000000000000   12.000000000000
mean           0.4642857142857   0.3690476190476   0.1666666666667   0.7440476190476   1.3630952380952   0.1488095238095   11.488095238095
SE.mean        0.0385923334663   0.0373405972519   0.0288386891752   0.0337692734622   0.0372125378208   0.0275404166182    0.236405107623
CI.mean.0.95   0.0761917231264   0.0737204566726   0.0569353864775   0.0666696958363   0.0734676326569   0.0543722446738    0.466727738072
var            0.2502138579983   0.2342457941260   0.1397205588822   0.1915811234674   0.2326418591389   0.1274237239806    9.389078984887
std.dev        0.5002138122826   0.4839894566269   0.3737921332535   0.4376998097639   0.4823296166926   0.3569645976573    3.064160404562
coef.var       1.0773835956856   1.3114553018278   2.2427527995213   0.5882685443227   0.3538488017658   2.3988020962568    0.266724843506
                        BFEA97         PHEALTH97             BBPHH              CC1Y              HT97                 HHNW97             GH97
nbr.val       168.000000000000 168.0000000000000 168.0000000000000 168.0000000000000 168.0000000000000        168.00000000000 168.000000000000
nbr.null        0.000000000000   0.0000000000000 134.0000000000000 130.0000000000000 153.0000000000000          0.00000000000   0.000000000000
nbr.na          0.000000000000   0.0000000000000   0.0000000000000   0.0000000000000   0.0000000000000          0.00000000000   0.000000000000
min             2.000000000000   1.0000000000000   0.0000000000000   0.0000000000000   0.0000000000000     -45500.00000000000   1.000000000000
max            19.000000000000   5.0000000000000   1.0000000000000   1.0000000000000   1.0000000000000     600000.00000000000   5.000000000000
range          17.000000000000   4.0000000000000   1.0000000000000   1.0000000000000   1.0000000000000     645500.00000000000   4.000000000000
sum          1842.000000000000 447.0000000000000  34.0000000000000  38.0000000000000  15.0000000000000    7653942.00000000000 364.000000000000
median         12.000000000000   3.0000000000000   0.0000000000000   0.0000000000000   0.0000000000000      11780.00000000000   2.000000000000
mean           10.964285714286   2.6607142857143   0.2023809523810   0.2261904761905   0.0892857142857      45559.17857142857   2.166666666667
SE.mean         0.220959887364   0.0888856162497   0.0310902590300   0.0323739697934   0.0220660108626       6942.11341470494   0.077228634277
CI.mean.0.95    0.436234688290   0.1754842906592   0.0613805954494   0.0639149883269   0.0435642843836      13705.61289504680   0.152470249704
var             8.202309666382   1.3273096663815   0.1623895067009   0.1760764185914   0.0818006843456 8096413695.32121467590   1.001996007984
std.dev         2.863967469505   1.1520892614644   0.4029758140396   0.4196146072188   0.2860081892981      89980.07387928294   1.000997506482
coef.var        0.261208759434   0.4329999908859   1.9911746105486   1.8551382634936   3.2032917201390          1.97501528124   0.461998849146
                         GH98              GH99              GH00              GH01              GH02              GH03             GH04
nbr.val      168.000000000000 168.0000000000000 168.0000000000000 168.0000000000000 168.0000000000000 168.0000000000000 168.000000000000
nbr.null       0.000000000000   0.0000000000000   0.0000000000000   0.0000000000000   0.0000000000000   0.0000000000000   0.000000000000
nbr.na         0.000000000000   0.0000000000000   0.0000000000000   0.0000000000000   0.0000000000000   0.0000000000000   0.000000000000
min            1.000000000000   1.0000000000000   1.0000000000000   1.0000000000000   1.0000000000000   1.0000000000000   1.000000000000
max            4.000000000000   5.0000000000000   5.0000000000000   5.0000000000000   5.0000000000000   5.0000000000000   5.000000000000
range          3.000000000000   4.0000000000000   4.0000000000000   4.0000000000000   4.0000000000000   4.0000000000000   4.000000000000
sum          361.000000000000 355.0000000000000 376.0000000000000 366.0000000000000 357.0000000000000 355.0000000000000 360.000000000000
median         2.000000000000   2.0000000000000   2.0000000000000   2.0000000000000   2.0000000000000   2.0000000000000   2.000000000000
mean           2.148809523810   2.1130952380952   2.2380952380952   2.1785714285714   2.1250000000000   2.1130952380952   2.142857142857
SE.mean        0.078134016310   0.0766537079021   0.0849520970866   0.0732759395313   0.0765429165771   0.0771172933561   0.070784089939
CI.mean.0.95   0.154257719157   0.1513351892596   0.1677184580167   0.1446665592655   0.1511164571644   0.1522504325575   0.139746972986
var            1.025627316795   0.9871328771029   1.2124322783005   0.9020530367836   0.9842814371257   0.9991089250071   0.841745081266
std.dev        1.012732598861   0.9935456089697   1.1011050260082   0.9497647270685   0.9921095892721   0.9995543632075   0.917466664935
coef.var       0.471299381187   0.4701849642448   0.4919830967271   0.4359575796380   0.4668751008340   0.4730285437151   0.428151110303
                          GH05              GH06              GH07              GH08             GH09              GH10              GH11
nbr.val      168.0000000000000 168.0000000000000 168.0000000000000 168.0000000000000 168.000000000000 168.0000000000000 168.0000000000000
nbr.null       0.0000000000000   0.0000000000000   0.0000000000000   0.0000000000000   0.000000000000   0.0000000000000   0.0000000000000
nbr.na         0.0000000000000   0.0000000000000   0.0000000000000   0.0000000000000   0.000000000000   0.0000000000000   0.0000000000000
min            1.0000000000000   1.0000000000000   1.0000000000000   1.0000000000000   1.000000000000   1.0000000000000   1.0000000000000
max            5.0000000000000   5.0000000000000   5.0000000000000   5.0000000000000   5.000000000000   5.0000000000000   5.0000000000000
range          4.0000000000000   4.0000000000000   4.0000000000000   4.0000000000000   4.000000000000   4.0000000000000   4.0000000000000
sum          388.0000000000000 365.0000000000000 385.0000000000000 373.0000000000000 419.000000000000 384.0000000000000 401.0000000000000
median         2.0000000000000   2.0000000000000   2.0000000000000   2.0000000000000   2.000000000000   2.0000000000000   2.0000000000000
mean           2.3095238095238   2.1726190476190   2.2916666666667   2.2202380952381   2.494047619048   2.2857142857143   2.3869047619048
SE.mean        0.0745447072844   0.0764541679212   0.0806986559547   0.0761873016697   0.079201993593   0.0797159812299   0.0796187787612
CI.mean.0.95   0.1471714505917   0.1509412432706   0.1593210127226   0.1504143769808   0.156366195689   0.1573809465532   0.1571890425423
var            0.9335614485315   0.9820002851440   1.0940618762475   0.9751568291987   1.053856572569   1.0675791274594   1.0649771884802
std.dev        0.9662098366978   0.9909592752197   1.0459741279054   0.9875002932651   1.026575166546   1.0332372077405   1.0319773197509
coef.var       0.4183588983640   0.4561127622929   0.4564250739951   0.4447722500497   0.411610090644   0.4520412783865   0.4323496002946
                          GH13              GH15             GH17             GH19              GH21            WW_97            WW_98
nbr.val      168.0000000000000 168.0000000000000 168.000000000000 168.000000000000 168.0000000000000 168.000000000000  168.00000000000
nbr.null       0.0000000000000   0.0000000000000   0.000000000000   0.000000000000   0.0000000000000 125.000000000000  109.00000000000
nbr.na         0.0000000000000   0.0000000000000   0.000000000000   0.000000000000   0.0000000000000   0.000000000000    0.00000000000
min            1.0000000000000   1.0000000000000   1.000000000000   1.000000000000   1.0000000000000   0.000000000000    0.00000000000
max            5.0000000000000   5.0000000000000   5.000000000000   5.000000000000   5.0000000000000  52.000000000000   52.00000000000
range          4.0000000000000   4.0000000000000   4.000000000000   4.000000000000   4.0000000000000  52.000000000000   52.00000000000
sum          414.0000000000000 403.0000000000000 382.000000000000 403.000000000000 412.0000000000000 853.000000000000 1375.00000000000
median         2.0000000000000   2.0000000000000   2.000000000000   2.000000000000   3.0000000000000   0.000000000000    0.00000000000
mean           2.4642857142857   2.3988095238095   2.273809523810   2.398809523810   2.4523809523810   5.077380952381    8.18452380952
SE.mean        0.0872924060462   0.0857463089279   0.081291954557   0.083214863445   0.0782113653208   0.889616183254    1.16238081615
CI.mean.0.95   0.1723388620260   0.1692864473886   0.160492344922   0.164288688093   0.1544104270624   1.756343393501    2.29485468632
var            1.2801539777588   1.2352081551183   1.110208155118   1.163351867693   1.0276589677787 132.958048189336  226.98969917308
std.dev        1.1314388970505   1.1113991880141   1.053664156702   1.078587904481   1.0137351566256  11.530743609557   15.06617732449
coef.var       0.4591346248900   0.4633128128694   0.463391566298   0.449634659933   0.4133677337697   2.271002258389    1.84081293856
                        WW_99            WW_00             WW_01             WW_02             WW_03             WW_04             WW_05
nbr.val       168.00000000000  168.00000000000  168.000000000000  168.000000000000  168.000000000000  168.000000000000  168.000000000000
nbr.null       74.00000000000   57.00000000000   45.000000000000   54.000000000000   51.000000000000   46.000000000000   49.000000000000
nbr.na          0.00000000000    0.00000000000    0.000000000000    0.000000000000    0.000000000000    0.000000000000    0.000000000000
min             0.00000000000    0.00000000000    0.000000000000    0.000000000000    0.000000000000    0.000000000000    0.000000000000
max            52.00000000000   53.00000000000   52.000000000000   52.000000000000   52.000000000000   52.000000000000   53.000000000000
range          52.00000000000   53.00000000000   52.000000000000   52.000000000000   52.000000000000   52.000000000000   53.000000000000
sum          2096.00000000000 3337.00000000000 3797.000000000000 3257.000000000000 4140.000000000000 4449.000000000000 4583.000000000000
median          3.50000000000   14.00000000000   17.500000000000   14.500000000000   25.500000000000   30.000000000000   29.500000000000
mean           12.47619047619   19.86309523810   22.601190476190   19.386904761905   24.642857142857   26.482142857143   27.279761904762
SE.mean         1.29446719079    1.53606314685    1.540863870872    1.480722182059    1.619366278039    1.678797594711    1.704062757868
CI.mean.0.95    2.55562897960    3.03260485898    3.042082788997    2.923346799466    3.197067811523    3.314401333966    3.364281611811
var           281.50841174793  396.39431850585  398.875926717993  368.346414314229  440.554319931565  473.484709153122  487.843420302253
std.dev        16.77821241217   19.90965390221   19.971878397336   19.192353016611   20.989385887433   21.759703792863   22.087177735108
coef.var        1.34481855212    1.00234397830    0.883664885634    0.989964785628    0.851743195432    0.821674586919    0.809654344206
                         WW_06             WW_07             WW_08             WW_09             WW_10             WW_11             WW_12
nbr.val       168.000000000000  168.000000000000  168.000000000000  168.000000000000  168.000000000000  168.000000000000  168.000000000000
nbr.null       40.000000000000   37.000000000000   54.000000000000   52.000000000000   56.000000000000   54.000000000000   57.000000000000
nbr.na          0.000000000000    0.000000000000    0.000000000000    0.000000000000    0.000000000000    0.000000000000    0.000000000000
min             0.000000000000    0.000000000000    0.000000000000    0.000000000000    0.000000000000    0.000000000000    0.000000000000
max            52.000000000000   52.000000000000   52.000000000000   52.000000000000   52.000000000000   53.000000000000   52.000000000000
range          52.000000000000   52.000000000000   52.000000000000   52.000000000000   52.000000000000   53.000000000000   52.000000000000
sum          4919.000000000000 5150.000000000000 4488.000000000000 4199.000000000000 3979.000000000000 4606.000000000000 4819.000000000000
median         30.500000000000   38.000000000000   31.000000000000   24.000000000000   17.000000000000   31.500000000000   35.000000000000
mean           29.279761904762   30.654761904762   26.714285714286   24.994047619048   23.684523809524   27.416666666667   28.684523809524
SE.mean         1.596079938976    1.635849713130    1.728758058204    1.701500055739    1.708036737958    1.766998922332    1.834489225542
CI.mean.0.95    3.151094268616    3.229610578696    3.413036826040    3.359222143426    3.372127325288    3.488534653460    3.621778798969
var           427.975156829199  449.568719703450  502.085543199316  486.377209865982  490.121435700029  524.543912175649  565.378920729969
std.dev        20.687560436871   21.203035624727   22.407265411007   22.053961319137   22.138686404121   22.902923659997   23.777697969525
coef.var        0.706548110062    0.691671841739    0.838774641054    0.882368540513    0.934732172881    0.835364996717    0.828938215165
                         WW_13             WW_14             WW_15             WW_16             WW_17             WW_18             WW_19
nbr.val       168.000000000000  168.000000000000  168.000000000000  168.000000000000  168.000000000000  168.000000000000  168.000000000000
nbr.null       51.000000000000   55.000000000000   46.000000000000   46.000000000000   42.000000000000   40.000000000000   41.000000000000
nbr.na          0.000000000000    0.000000000000    0.000000000000    0.000000000000    0.000000000000    0.000000000000    0.000000000000
min             0.000000000000    0.000000000000    0.000000000000    0.000000000000    0.000000000000    0.000000000000    0.000000000000
max            52.000000000000   52.000000000000   52.000000000000   53.000000000000   52.000000000000   52.000000000000   52.000000000000
range          52.000000000000   52.000000000000   52.000000000000   53.000000000000   52.000000000000   52.000000000000   52.000000000000
sum          5030.000000000000 5167.000000000000 5456.000000000000 5492.000000000000 5778.000000000000 5506.000000000000 5242.000000000000
median         39.500000000000   49.500000000000   47.500000000000   49.000000000000   51.500000000000   52.000000000000   41.000000000000
mean           29.940476190476   30.755952380952   32.476190476190   32.690476190476   34.392857142857   32.773809523810   31.202380952381
SE.mean         1.771839213589    1.840025186717    1.762060813533    1.826833860736    1.727373909742    1.781248812644    1.605801064138
CI.mean.0.95    3.498090699913    3.632708286336    3.478785488676    3.606665034566    3.410304141932    3.516667798044    3.170286403692
var           527.421585400627  568.796371542629  521.616196179070  560.670088394639  501.281864841745  533.038351867693  433.204305674366
std.dev        22.965661005088   23.849452227308   22.838918454670   23.678473100997   22.389324796468   23.087623348186   20.813560619807
coef.var        0.767043946094    0.775441837466    0.703251154763    0.724323284954    0.650987636865    0.704453454867    0.667050397583
                        WW_20               A97              A98               A99              A00               A01               A02
nbr.val      168.000000000000 168.0000000000000 168.000000000000 168.0000000000000 168.000000000000 168.0000000000000 168.0000000000000
nbr.null      74.000000000000 105.0000000000000  85.000000000000 103.0000000000000 120.000000000000 105.0000000000000 123.0000000000000
nbr.na         0.000000000000   0.0000000000000   0.000000000000   0.0000000000000   0.000000000000   0.0000000000000   0.0000000000000
min            0.000000000000   0.0000000000000   0.000000000000   0.0000000000000   0.000000000000   0.0000000000000   0.0000000000000
max           26.000000000000   5.0000000000000   9.000000000000   6.0000000000000   9.000000000000   8.0000000000000   8.0000000000000
range         26.000000000000   5.0000000000000   9.000000000000   6.0000000000000   9.000000000000   8.0000000000000   8.0000000000000
sum          923.000000000000 109.0000000000000 193.000000000000 108.0000000000000 107.000000000000 110.0000000000000  82.0000000000000
median         2.000000000000   0.0000000000000   0.000000000000   0.0000000000000   0.000000000000   0.0000000000000   0.0000000000000
mean           5.494047619048   0.6488095238095   1.148809523810   0.6428571428571   0.636904761905   0.6547619047619   0.4880952380952
SE.mean        0.544890792236   0.0810449474121   0.130428840436   0.0788812359107   0.118632545575   0.0881437762692   0.0822880386385
CI.mean.0.95   1.075762065864   0.1600046858895   0.257501871632   0.1557329331129   0.234212789287   0.1740196975310   0.1624588847948
var           49.880203877958   1.1034716281722   2.857962646136   1.0453378956373   2.364378386085   1.3052466495580   1.1375819788993
std.dev        7.062591866869   1.0504625781875   1.690550988919   1.0224176718139   1.537653532524   1.1424739163578   1.0665748819935
coef.var       1.285498844674   1.6190615883990   1.471567700199   1.5904274894882   2.414259752001   1.7448692540738   2.1851778070110
                          A03               A04               A05               A06               A07               A08               A09
nbr.val      168.000000000000 168.0000000000000 168.0000000000000 168.0000000000000 168.0000000000000 168.0000000000000 168.0000000000000
nbr.null     133.000000000000 143.0000000000000 143.0000000000000 141.0000000000000 136.0000000000000 147.0000000000000 151.0000000000000
nbr.na         0.000000000000   0.0000000000000   0.0000000000000   0.0000000000000   0.0000000000000   0.0000000000000   0.0000000000000
min            0.000000000000   0.0000000000000   0.0000000000000   0.0000000000000   0.0000000000000   0.0000000000000   0.0000000000000
max           50.000000000000   7.0000000000000   4.0000000000000  13.0000000000000   5.0000000000000   3.0000000000000   8.0000000000000
range         50.000000000000   7.0000000000000   4.0000000000000  13.0000000000000   5.0000000000000   3.0000000000000   8.0000000000000
sum          125.000000000000  46.0000000000000  35.0000000000000  58.0000000000000  47.0000000000000  32.0000000000000  30.0000000000000
median         0.000000000000   0.0000000000000   0.0000000000000   0.0000000000000   0.0000000000000   0.0000000000000   0.0000000000000
mean           0.744047619048   0.2738095238095   0.2083333333333   0.3452380952381   0.2797619047619   0.1904761904762   0.1785714285714
SE.mean        0.310219095269   0.0657816835749   0.0437530125784   0.0951444863601   0.0559578408902   0.0430121077578   0.0586910668636
CI.mean.0.95   0.612456550105   0.1298708673864   0.0863803020160   0.1878409961421   0.1104759400875   0.0849175551468   0.1158720687458
var           16.167629027659   0.7269746221842   0.3216067864271   1.5208155118335   0.5260550327916   0.3108069575135   0.5786997433704
std.dev        4.020899032264   0.8526280679078   0.5671038585895   1.2332134899657   0.7252965137043   0.5575006345409   0.7607231713116
coef.var       5.404088299362   3.1139459871416   2.7220985212298   3.5720666605904   2.5925492404748   2.9268783313399   4.2600497593450
                           A10               A11               A12               A13               A14               A15               A16
nbr.val      168.0000000000000 168.0000000000000 168.0000000000000 168.0000000000000 168.0000000000000 168.0000000000000 168.0000000000000
nbr.null     149.0000000000000 150.0000000000000 159.0000000000000 156.0000000000000 152.0000000000000 157.0000000000000 163.0000000000000
nbr.na         0.0000000000000   0.0000000000000   0.0000000000000   0.0000000000000   0.0000000000000   0.0000000000000   0.0000000000000
min            0.0000000000000   0.0000000000000   0.0000000000000   0.0000000000000   0.0000000000000   0.0000000000000   0.0000000000000
max            3.0000000000000  10.0000000000000   3.0000000000000   3.0000000000000   2.0000000000000   2.0000000000000   7.0000000000000
range          3.0000000000000  10.0000000000000   3.0000000000000   3.0000000000000   2.0000000000000   2.0000000000000   7.0000000000000
sum           25.0000000000000  36.0000000000000  13.0000000000000  15.0000000000000  21.0000000000000  14.0000000000000  11.0000000000000
median         0.0000000000000   0.0000000000000   0.0000000000000   0.0000000000000   0.0000000000000   0.0000000000000   0.0000000000000
mean           0.1488095238095   0.2142857142857   0.0773809523810   0.0892857142857   0.1250000000000   0.0833333333333   0.0654761904762
SE.mean        0.0354609157173   0.0751117678473   0.0279988184218   0.0277858387152   0.0318020457975   0.0259090041227   0.0431672044342
CI.mean.0.95   0.0700094560103   0.1482909817920   0.0552772540412   0.0548567743922   0.0627858553922   0.0511513943650   0.0852237580105
var            0.2112560593100   0.9478186484175   0.1317008839464   0.1297048759624   0.1699101796407   0.1127744510978   0.3130524664956
std.dev        0.4596259993842   0.9735597816351   0.3629061641064   0.3601456316025   0.4122016249855   0.3358190749463   0.5595109172264
coef.var       3.0886867158620   4.5432789809640   4.6898642746053   4.0336310739480   3.2976129998843   4.0298288993559   8.5452576449130
                           A17               A18               A19               A20               A21 I97               I98               I99
nbr.val      168.0000000000000 168.0000000000000 168.0000000000000 168.0000000000000 168.0000000000000 168 168.0000000000000 168.0000000000000
nbr.null     162.0000000000000 159.0000000000000 162.0000000000000 164.0000000000000 160.0000000000000 168 167.0000000000000 164.0000000000000
nbr.na         0.0000000000000   0.0000000000000   0.0000000000000   0.0000000000000   0.0000000000000   0   0.0000000000000   0.0000000000000
min            0.0000000000000   0.0000000000000   0.0000000000000   0.0000000000000   0.0000000000000   0   0.0000000000000   0.0000000000000
max            1.0000000000000  11.0000000000000   6.0000000000000   2.0000000000000   2.0000000000000   0   6.0000000000000   8.0000000000000
range          1.0000000000000  11.0000000000000   6.0000000000000   2.0000000000000   2.0000000000000   0   6.0000000000000   8.0000000000000
sum            6.0000000000000  21.0000000000000  12.0000000000000   5.0000000000000   9.0000000000000   0   6.0000000000000  15.0000000000000
median         0.0000000000000   0.0000000000000   0.0000000000000   0.0000000000000   0.0000000000000   0   0.0000000000000   0.0000000000000
mean           0.0357142857143   0.1250000000000   0.0714285714286   0.0297619047619   0.0535714285714   0   0.0357142857143   0.0892857142857
SE.mean        0.0143603695160   0.0692064165138   0.0392140388744   0.0156268032620   0.0193620241489   0   0.0357142857143   0.0546069484171
CI.mean.0.95   0.0283512604676   0.1366322181632   0.0774191380574   0.0308515438314   0.0382258819465   0   0.0705096770367   0.1078089123119
var            0.0346449957228   0.8046407185629   0.2583404619333   0.0410250926718   0.0629811804962   0   0.2142857142857   0.5009623609923
std.dev        0.1861316623330   0.8970176801841   0.5082720353642   0.2025465197721   0.2509605158111   0   0.4629100498863   0.7077869460454
coef.var       5.2116865453236   7.1761414414728   7.1158084950989   6.8055630643434   4.6845962951397 NaN  12.9614813968157   7.9272137957087
                          I00              I01              I02              I03              I04              I05              I06              I07
nbr.val      168.000000000000 168.000000000000 168.000000000000 168.000000000000 168.000000000000 168.000000000000 168.000000000000 168.000000000000
nbr.null     162.000000000000 151.000000000000 139.000000000000 145.000000000000 144.000000000000 140.000000000000 142.000000000000 126.000000000000
nbr.na         0.000000000000   0.000000000000   0.000000000000   0.000000000000   0.000000000000   0.000000000000   0.000000000000   0.000000000000
min            0.000000000000   0.000000000000   0.000000000000   0.000000000000   0.000000000000   0.000000000000   0.000000000000   0.000000000000
max           12.000000000000  12.000000000000  12.000000000000  12.000000000000  12.000000000000  12.000000000000  12.000000000000  12.000000000000
range         12.000000000000  12.000000000000  12.000000000000  12.000000000000  12.000000000000  12.000000000000  12.000000000000  12.000000000000
sum           27.000000000000  91.000000000000 218.000000000000 191.000000000000 175.000000000000 239.000000000000 250.000000000000 383.000000000000
median         0.000000000000   0.000000000000   0.000000000000   0.000000000000   0.000000000000   0.000000000000   0.000000000000   0.000000000000
mean           0.160714285714   0.541666666667   1.297619047619   1.136904761905   1.041666666667   1.422619047619   1.488095238095   2.279761904762
SE.mean        0.083296409189   0.152176062309   0.255752121577   0.246145882552   0.239456030758   0.280343721547   0.295024332320   0.338454276182
CI.mean.0.95   0.164449681487   0.300436780171   0.504923985827   0.485958667115   0.472751087010   0.553474467434   0.582457970916   0.668200447748
var            1.165633019675   3.890469061876  10.988736812090  10.178749643570   9.632984031936  13.203557171372  14.622611919019  19.244617907043
std.dev        1.079644858125   1.972427200653   3.314926366013   3.190415277604   3.103704888023   3.633669931539   3.823952394973   4.386868804403
coef.var       6.717790228331   3.641404062744   2.554622153625   2.806229144699   2.979556692502   2.554211499994   2.569696009422   1.924266211853
                          I08              I09              I10              I11              I12              I13              I14              I15
nbr.val      168.000000000000 168.000000000000 168.000000000000 168.000000000000 168.000000000000 168.000000000000 168.000000000000 168.000000000000
nbr.null     127.000000000000 130.000000000000 135.000000000000 134.000000000000 137.000000000000 137.000000000000 140.000000000000 143.000000000000
nbr.na         0.000000000000   0.000000000000   0.000000000000   0.000000000000   0.000000000000   0.000000000000   0.000000000000   0.000000000000
min            0.000000000000   0.000000000000   0.000000000000   0.000000000000   0.000000000000   0.000000000000   0.000000000000   0.000000000000
max           12.000000000000  12.000000000000  12.000000000000  12.000000000000  12.000000000000  12.000000000000  12.000000000000  12.000000000000
range         12.000000000000  12.000000000000  12.000000000000  12.000000000000  12.000000000000  12.000000000000  12.000000000000  12.000000000000
sum          365.000000000000 318.000000000000 298.000000000000 288.000000000000 324.000000000000 256.000000000000 248.000000000000 233.000000000000
median         0.000000000000   0.000000000000   0.000000000000   0.000000000000   0.000000000000   0.000000000000   0.000000000000   0.000000000000
mean           2.172619047619   1.892857142857   1.773809523810   1.714285714286   1.928571428571   1.523809523810   1.476190476190   1.386904761905
SE.mean        0.336454982031   0.310568033057   0.303564789117   0.302558105133   0.327280164386   0.287307836246   0.287803642725   0.277330649887
CI.mean.0.95   0.664253299372   0.613145447846   0.599319146729   0.597331679778   0.646139723358   0.567223516827   0.568202373159   0.547525847566
var           19.017928428857  16.204020530368  15.481465640148  15.378956372968  17.994867408041  13.867693185058  13.915597376675  12.921264613630
std.dev        4.360954990464   4.025421782915   3.934649366862   3.921601251143   4.242035762230   3.723935174658   3.730361561119   3.594616059279
coef.var       2.007234077803   2.126637923050   2.218191589372   2.287600729834   2.199574098934   2.443832458370   2.527019122048   2.591826171498
                          I16              I17              I18              I19               I20              I21           NHIN_97
nbr.val      168.000000000000 168.000000000000 168.000000000000 168.000000000000 168.0000000000000 168.000000000000 168.0000000000000
nbr.null     148.000000000000 150.000000000000 150.000000000000 154.000000000000 161.0000000000000 159.000000000000 133.0000000000000
nbr.na         0.000000000000   0.000000000000   0.000000000000   0.000000000000   0.0000000000000   0.000000000000   0.0000000000000
min            0.000000000000   0.000000000000   0.000000000000   0.000000000000   0.0000000000000   0.000000000000   0.0000000000000
max           12.000000000000  12.000000000000  12.000000000000  12.000000000000   6.0000000000000  12.000000000000   1.0000000000000
range         12.000000000000  12.000000000000  12.000000000000  12.000000000000   6.0000000000000  12.000000000000   1.0000000000000
sum          195.000000000000 165.000000000000 151.000000000000  90.000000000000  32.0000000000000  71.000000000000  35.0000000000000
median         0.000000000000   0.000000000000   0.000000000000   0.000000000000   0.0000000000000   0.000000000000   0.0000000000000
mean           1.160714285714   0.982142857143   0.898809523810   0.535714285714   0.1904761904762   0.422619047619   0.2083333333333
SE.mean        0.262868186144   0.237380860860   0.221563494648   0.157931827111   0.0745447072844   0.154187122190   0.0314262329448
CI.mean.0.95   0.518973025430   0.468654139351   0.437426372622   0.311800219456   0.1471714505917   0.304407157287   0.0620438989917
var           11.608746792130   9.466745081266   8.247184203023   4.190333618477   0.9335614485315   3.993976333048   0.1659181636727
std.dev        3.407161104516   3.076807612001   2.871791114100   2.047030439070   0.9662098366978   1.998493515888   0.4073305336857
coef.var       2.935400336199   3.132749568583   3.195105345489   3.821123486263   5.0726016426632   4.728829727736   1.9551865616912
                       NHIN_02           NHIN_03           NHIN_04           NHIN_05           NHIN_06           NHIN_07           NHIN_08
nbr.val      168.0000000000000 168.0000000000000 168.0000000000000 168.0000000000000 168.0000000000000 168.0000000000000 168.0000000000000
nbr.null      87.0000000000000  74.0000000000000  76.0000000000000  65.0000000000000  72.0000000000000  75.0000000000000  62.0000000000000
nbr.na         0.0000000000000   0.0000000000000   0.0000000000000   0.0000000000000   0.0000000000000   0.0000000000000   0.0000000000000
min            0.0000000000000   0.0000000000000   0.0000000000000   0.0000000000000   0.0000000000000   0.0000000000000   0.0000000000000
max            1.0000000000000   1.0000000000000   1.0000000000000   1.0000000000000   1.0000000000000   1.0000000000000   1.0000000000000
range          1.0000000000000   1.0000000000000   1.0000000000000   1.0000000000000   1.0000000000000   1.0000000000000   1.0000000000000
sum           81.0000000000000  94.0000000000000  92.0000000000000 103.0000000000000  96.0000000000000  93.0000000000000 106.0000000000000
median         0.0000000000000   1.0000000000000   1.0000000000000   1.0000000000000   1.0000000000000   1.0000000000000   1.0000000000000
mean           0.4821428571429   0.5595238095238   0.5476190476190   0.6130952380952   0.5714285714286   0.5535714285714   0.6309523809524
SE.mean        0.0386664782675   0.0384160112032   0.0385152917997   0.0376884063179   0.0382943187093   0.0384684412253   0.0373405972519
CI.mean.0.95   0.0763381050541   0.0758436152034   0.0760396220017   0.0744071260100   0.0756033612470   0.0759471262732   0.0737204566726
var            0.2511762189906   0.2479327060165   0.2492158540063   0.2386298830910   0.2463644140291   0.2486099230111   0.2342457941260
std.dev        0.5011748387445   0.4979284145503   0.4992152381551   0.4884975773645   0.4963510995546   0.4986079853062   0.4839894566269
coef.var       1.0394737396183   0.8899146132388   0.9116104348920   0.7967727475459   0.8686144242206   0.9007111992628   0.7670776293710
                       NHIN_09           NHIN_10           NHIN_11           NHIN_13           NHIN_15           NHIN_17           NHIN_19
nbr.val      168.0000000000000 168.0000000000000 168.0000000000000 168.0000000000000 168.0000000000000 168.0000000000000 168.0000000000000
nbr.null      68.0000000000000  61.0000000000000  65.0000000000000  77.0000000000000  92.0000000000000 108.0000000000000 104.0000000000000
nbr.na         0.0000000000000   0.0000000000000   0.0000000000000   0.0000000000000   0.0000000000000   0.0000000000000   0.0000000000000
min            0.0000000000000   0.0000000000000   0.0000000000000   0.0000000000000   0.0000000000000   0.0000000000000   0.0000000000000
max            1.0000000000000   1.0000000000000   1.0000000000000   1.0000000000000   1.0000000000000   1.0000000000000   1.0000000000000
range          1.0000000000000   1.0000000000000   1.0000000000000   1.0000000000000   1.0000000000000   1.0000000000000   1.0000000000000
sum          100.0000000000000 107.0000000000000 103.0000000000000  91.0000000000000  76.0000000000000  60.0000000000000  64.0000000000000
median         1.0000000000000   1.0000000000000   1.0000000000000   1.0000000000000   0.0000000000000   0.0000000000000   0.0000000000000
mean           0.5952380952381   0.6369047619048   0.6130952380952   0.5416666666667   0.4523809523810   0.3571428571429   0.3809523809524
SE.mean        0.0379827967059   0.0372125378208   0.0376884063179   0.0385565832655   0.0385152917997   0.0370783146539   0.0375784739311
CI.mean.0.95   0.0749883324031   0.0734676326569   0.0744071260100   0.0761211425433   0.0760396220017   0.0732026397567   0.0741900896916
var            0.2423723980610   0.2326418591389   0.2386298830910   0.2497504990020   0.2492158540063   0.2309666381523   0.2372398061021
std.dev        0.4923133129025   0.4823296166926   0.4884975773645   0.4997504367202   0.4992152381551   0.4805898856117   0.4870726907784
coef.var       0.8270863656762   0.7573025757417   0.7967727475459   0.9226161908680   1.1035284211850   1.3456516797128   1.2785658132932
                       NHIN_21   Valid_Insurance
nbr.val      168.0000000000000  168.000000000000
nbr.null     108.0000000000000    0.000000000000
nbr.na         0.0000000000000    0.000000000000
min            0.0000000000000    5.000000000000
max            1.0000000000000   16.000000000000
range          1.0000000000000   11.000000000000
sum           60.0000000000000 2262.000000000000
median         0.0000000000000   14.000000000000
mean           0.3571428571429   13.464285714286
SE.mean        0.0370783146539    0.207482784515
CI.mean.0.95   0.0732026397567    0.409627235550
var            0.2309666381523    7.232249786142
std.dev        0.4805898856117    2.689284251644
coef.var       1.3456516797128    0.199734639379
