                         R0000100             NA_B18            NA_A18 B18_NOARREST B18_ARREST B18_INCAF Classification           Hispanic
nbr.val         1237.000000000000 1237.0000000000000 1237.000000000000         1237       1237      1237           1237 1237.0000000000000
nbr.null           0.000000000000    0.0000000000000  578.000000000000         1237          0      1237              0  986.0000000000000
nbr.na             0.000000000000    0.0000000000000    0.000000000000            0          0         0              0    0.0000000000000
min               18.000000000000    1.0000000000000    0.000000000000            0          1         0              2    0.0000000000000
max             9021.000000000000   17.0000000000000   55.000000000000            0          1         0              2    1.0000000000000
range           9003.000000000000   16.0000000000000   55.000000000000            0          0         0              0    1.0000000000000
sum          5707739.000000000000 2171.0000000000000 2509.000000000000            0       1237         0           2474  251.0000000000000
median          4639.000000000000    1.0000000000000    1.000000000000            0          1         0              2    0.0000000000000
mean            4614.178658043654    1.7550525464834    2.028294260307            0          1         0              2    0.2029102667745
SE.mean           73.112863006512    0.0432713028939    0.108219450032            0          0         0              0    0.0114392192294
CI.mean.0.95     143.439039968109    0.0848933264276    0.212314131606            0          0         0              0    0.0224424342965
var          6612372.041680074297    2.3161657941622   14.487062864797            0          0         0              0    0.1618685461486
std.dev         2571.453293699902    1.5218954609835    3.806187444780            0          0         0              0    0.4023289029495
coef.var           0.557293829362    0.8671509374650    1.876545982141          NaN          0       NaN              0    1.9827922428229
                          White              Black             Other_R               Male             Sample               PIB16              BMEA97
nbr.val      1237.0000000000000 1237.0000000000000 1237.00000000000000 1237.0000000000000 1237.0000000000000 1237.00000000000000  1237.0000000000000
nbr.null      537.0000000000000  874.0000000000000 1063.00000000000000  419.0000000000000    0.0000000000000 1114.00000000000000     0.0000000000000
nbr.na          0.0000000000000    0.0000000000000    0.00000000000000    0.0000000000000    0.0000000000000    0.00000000000000     0.0000000000000
min             0.0000000000000    0.0000000000000    0.00000000000000    0.0000000000000    1.0000000000000    0.00000000000000     2.0000000000000
max             1.0000000000000    1.0000000000000    1.00000000000000    1.0000000000000    2.0000000000000    1.00000000000000    20.0000000000000
range           1.0000000000000    1.0000000000000    1.00000000000000    1.0000000000000    1.0000000000000    1.00000000000000    18.0000000000000
sum           700.0000000000000  363.0000000000000  174.00000000000000  818.0000000000000 1541.0000000000000  123.00000000000000 15026.0000000000000
median          1.0000000000000    0.0000000000000    0.00000000000000    1.0000000000000    1.0000000000000    0.00000000000000    12.0000000000000
mean            0.5658852061439    0.2934518997575    0.14066289409863    0.6612772837510    1.2457558609539    0.09943411479386    12.1471301535974
SE.mean         0.0140979909633    0.0129517989369    0.00988922644162    0.0134618494183    0.0122461247341    0.00851169819461     0.0783230028663
CI.mean.0.95    0.0276586390697    0.0254099419578    0.01940152646856    0.0264106024215    0.0240254902210    0.01669897426154     0.1536607359715
var             0.2458578929606    0.2075056313819    0.12097464112204    0.2241708591357    0.1855098853317    0.08961942061517     7.5883675663797
std.dev         0.4958405922881    0.4555278601600    0.34781408988429    0.4734668511476    0.4307085851614    0.29936502904510     2.7546991789267
coef.var        0.8762211609433    1.5523084380657    2.47267832866017    0.7159883800362    0.3457407656357    3.01068732462431     0.2267777774745
                          BFEA97          PHEALTH97              BBPHH               CC1Y                HT97                  HHNW97
nbr.val       1237.0000000000000 1237.0000000000000 1237.0000000000000 1237.0000000000000 1237.00000000000000        1237.00000000000
nbr.null         0.0000000000000    0.0000000000000  771.0000000000000  886.0000000000000 1164.00000000000000           0.00000000000
nbr.na           0.0000000000000    0.0000000000000    0.0000000000000    0.0000000000000    0.00000000000000           0.00000000000
min              2.0000000000000    1.0000000000000    0.0000000000000    0.0000000000000    0.00000000000000     -313250.00000000000
max             20.0000000000000    5.0000000000000    1.0000000000000    1.0000000000000    1.00000000000000      600000.00000000000
range           18.0000000000000    4.0000000000000    1.0000000000000    1.0000000000000    1.00000000000000      913250.00000000000
sum          14826.0000000000000 2991.0000000000000  466.0000000000000  351.0000000000000   73.00000000000000    86632911.00000000000
median          12.0000000000000    2.0000000000000    0.0000000000000    0.0000000000000    0.00000000000000       23000.00000000000
mean            11.9854486661277    2.4179466451091    0.3767178658044    0.2837510105093    0.05901374292643       70034.68957154406
SE.mean          0.0839828445219    0.0318493691752    0.0137829192692    0.0128230543842    0.00670284204516        3442.24571653399
CI.mean.0.95     0.1647646952485    0.0624848043179    0.0270405045931    0.0251573599323    0.01315020624935        6753.29074269727
var              8.7247071812219    1.2547909259535    0.2349914842518    0.2034008052680    0.05557604916373 14657281743.79676055908
std.dev          2.9537615308657    1.1201745069200    0.4847592023384    0.4509997841108    0.23574572989501      121067.26123852294
coef.var         0.2464456369675    0.4632751136944    1.2867964233747    1.5894208915814    3.99475983397431           1.72867563174
                           GH97               GH98               GH99               GH00               GH01               GH02               GH03
nbr.val      1237.0000000000000 1237.0000000000000 1237.0000000000000 1237.0000000000000 1237.0000000000000 1237.0000000000000 1237.0000000000000
nbr.null        0.0000000000000    0.0000000000000    0.0000000000000    0.0000000000000    0.0000000000000    0.0000000000000    0.0000000000000
nbr.na          0.0000000000000    0.0000000000000    0.0000000000000    0.0000000000000    0.0000000000000    0.0000000000000    0.0000000000000
min             1.0000000000000    1.0000000000000    1.0000000000000    1.0000000000000    1.0000000000000    1.0000000000000    1.0000000000000
max             5.0000000000000    5.0000000000000    5.0000000000000    5.0000000000000    5.0000000000000    5.0000000000000    5.0000000000000
range           4.0000000000000    4.0000000000000    4.0000000000000    4.0000000000000    4.0000000000000    4.0000000000000    4.0000000000000
sum          2528.0000000000000 2558.0000000000000 2614.0000000000000 2658.0000000000000 2706.0000000000000 2752.0000000000000 2747.0000000000000
median          2.0000000000000    2.0000000000000    2.0000000000000    2.0000000000000    2.0000000000000    2.0000000000000    2.0000000000000
mean            2.0436540016168    2.0679062247373    2.1131770412288    2.1487469684721    2.1875505254648    2.2247372675829    2.2206952303961
SE.mean         0.0264499756973    0.0281817640865    0.0275937902442    0.0276467785543    0.0284381222355    0.0274198298107    0.0274344617972
CI.mean.0.95    0.0518918144521    0.0552893843703    0.0541358472223    0.0542398042010    0.0557923296150    0.0537945568318    0.0538232631087
var             0.8654067021947    0.9824400300340    0.9418731506699    0.9454939788035    1.0003950470001    0.9300348216925    0.9310276716034
std.dev         0.9302723806471    0.9911811287722    0.9705014944192    0.9723651468474    1.0001975039961    0.9643831301368    0.9648977518906
coef.var        0.4552005280302    0.4793162847112    0.4592618012994    0.4525265939241    0.4572225840515    0.4334818066785    0.4345025551833
                           GH04               GH05               GH06               GH07               GH08               GH09               GH10
nbr.val      1237.0000000000000 1237.0000000000000 1237.0000000000000 1237.0000000000000 1237.0000000000000 1237.0000000000000 1237.0000000000000
nbr.null        0.0000000000000    0.0000000000000    0.0000000000000    0.0000000000000    0.0000000000000    0.0000000000000    0.0000000000000
nbr.na          0.0000000000000    0.0000000000000    0.0000000000000    0.0000000000000    0.0000000000000    0.0000000000000    0.0000000000000
min             1.0000000000000    1.0000000000000    1.0000000000000    1.0000000000000    1.0000000000000    1.0000000000000    1.0000000000000
max             5.0000000000000    5.0000000000000    5.0000000000000    5.0000000000000    5.0000000000000    5.0000000000000    5.0000000000000
range           4.0000000000000    4.0000000000000    4.0000000000000    4.0000000000000    4.0000000000000    4.0000000000000    4.0000000000000
sum          2736.0000000000000 2773.0000000000000 2805.0000000000000 2810.0000000000000 2916.0000000000000 2933.0000000000000 2987.0000000000000
median          2.0000000000000    2.0000000000000    2.0000000000000    2.0000000000000    2.0000000000000    2.0000000000000    2.0000000000000
mean            2.2118027485853    2.2417138237672    2.2675828617623    2.2716248989491    2.3573160873080    2.3710590137429    2.4147130153597
SE.mean         0.0274315707191    0.0273147281908    0.0275020839397    0.0279538436997    0.0280861042917    0.0281398190632    0.0285959633998
CI.mean.0.95    0.0538175911455    0.0535883595247    0.0539559299857    0.0548422307488    0.0551017108396    0.0552070930520    0.0561019958507
var             0.9308314562060    0.9229187432796    0.9356230362109    0.9666132960786    0.9757817875484    0.9795177287152    1.0115309248547
std.dev         0.9647960697505    0.9606865999272    0.9672760909952    0.9831649383896    0.9878166770957    0.9897058799033    1.0057489372874
coef.var        0.4362034862140    0.4285500627876    0.4265670319291    0.4328025013480    0.4190429456678    0.4174109012753    0.4165086827668
                           GH11               GH13               GH15               GH17               GH19               GH21             WW_97
nbr.val      1237.0000000000000 1237.0000000000000 1237.0000000000000 1237.0000000000000 1237.0000000000000 1237.0000000000000 1237.000000000000
nbr.null        0.0000000000000    0.0000000000000    0.0000000000000    0.0000000000000    0.0000000000000    0.0000000000000  875.000000000000
nbr.na          0.0000000000000    0.0000000000000    0.0000000000000    0.0000000000000    0.0000000000000    0.0000000000000    0.000000000000
min             1.0000000000000    1.0000000000000    1.0000000000000    1.0000000000000    1.0000000000000    1.0000000000000    0.000000000000
max             5.0000000000000    5.0000000000000    5.0000000000000    5.0000000000000    5.0000000000000    5.0000000000000   52.000000000000
range           4.0000000000000    4.0000000000000    4.0000000000000    4.0000000000000    4.0000000000000    4.0000000000000   52.000000000000
sum          2988.0000000000000 2959.0000000000000 3007.0000000000000 2990.0000000000000 3059.0000000000000 3123.0000000000000 9424.000000000000
median          2.0000000000000    2.0000000000000    2.0000000000000    2.0000000000000    2.0000000000000    3.0000000000000    0.000000000000
mean            2.4155214227971    2.3920776071140    2.4308811641067    2.4171382376718    2.4729183508488    2.5246564268391    7.618431689572
SE.mean         0.0285750250306    0.0286484084763    0.0289040851989    0.0286474302825    0.0285053667059    0.0288038675103    0.420498258932
CI.mean.0.95    0.0560609171753    0.0562048870675    0.0567064954317    0.0562029679635    0.0559242555427    0.0565098798372    0.824969288429
var             1.0100501526556    1.0152446282765    1.0334468766433    1.0151752988361    1.0051316866937    1.0262928632536  218.724837991487
std.dev         1.0050125136811    1.0075934836413    1.0165858924082    1.0075590795760    1.0025625599900    1.0130611350030   14.789348802144
coef.var        0.4160644174777    0.4212210676797    0.4181964579012    0.4168396593430    0.4054167658410    0.4012669305151    1.941258963100
                          WW_98              WW_99              WW_00              WW_01              WW_02              WW_03              WW_04
nbr.val       1237.000000000000  1237.000000000000  1237.000000000000  1237.000000000000  1237.000000000000  1237.000000000000  1237.000000000000
nbr.null       614.000000000000   398.000000000000   255.000000000000   231.000000000000   215.000000000000   221.000000000000   238.000000000000
nbr.na           0.000000000000     0.000000000000     0.000000000000     0.000000000000     0.000000000000     0.000000000000     0.000000000000
min              0.000000000000     0.000000000000     0.000000000000     0.000000000000     0.000000000000     0.000000000000     0.000000000000
max             52.000000000000    52.000000000000    53.000000000000    52.000000000000    52.000000000000    52.000000000000    52.000000000000
range           52.000000000000    52.000000000000    53.000000000000    52.000000000000    52.000000000000    52.000000000000    52.000000000000
sum          16365.000000000000 23482.000000000000 31337.000000000000 34385.000000000000 37010.000000000000 38180.000000000000 39434.000000000000
median           1.000000000000    12.000000000000    24.000000000000    30.000000000000    34.000000000000    37.000000000000    40.000000000000
mean            13.229587712207    18.983023443816    25.333063864188    27.797089733226    29.919159256265    30.864995957963    31.878738884398
SE.mean          0.502283831039     0.552280120817     0.566514131576     0.567898608363     0.575280191830     0.584046488506     0.595210830736
CI.mean.0.95     0.985423187562     1.083510165872     1.111435660157     1.114151844602     1.128633663565     1.145832130805     1.167735288000
var            312.081551043473   377.301491498641   397.000629197374   398.943421944207   409.381809001316   421.953442010501   438.239329152637
std.dev         17.665830041169    19.424250088450    19.924874634421    19.973568082449    20.233185834201    20.541505349183    20.934166550227
coef.var         1.335327330335     1.023243222869     0.786516575383     0.718548893936     0.676261844823     0.665527556756     0.656681138678
                          WW_05              WW_06              WW_07              WW_08              WW_09              WW_10              WW_11
nbr.val       1237.000000000000  1237.000000000000  1237.000000000000  1237.000000000000  1237.000000000000  1237.000000000000  1237.000000000000
nbr.null       211.000000000000   193.000000000000   197.000000000000   195.000000000000   253.000000000000   280.000000000000   272.000000000000
nbr.na           0.000000000000     0.000000000000     0.000000000000     0.000000000000     0.000000000000     0.000000000000     0.000000000000
min              0.000000000000     0.000000000000     0.000000000000     0.000000000000     0.000000000000     0.000000000000     0.000000000000
max             53.000000000000    52.000000000000    52.000000000000    52.000000000000    52.000000000000    52.000000000000    53.000000000000
range           53.000000000000    52.000000000000    52.000000000000    52.000000000000    52.000000000000    52.000000000000    53.000000000000
sum          41912.000000000000 43281.000000000000 45481.000000000000 44846.000000000000 41552.000000000000 41451.000000000000 42332.000000000000
median          44.000000000000    46.000000000000    50.000000000000    50.000000000000    47.000000000000    48.000000000000    48.000000000000
mean            33.881972514147    34.988682295877    36.767178658044    36.253839935327    33.590945836702    33.509296685530    34.221503637833
SE.mean          0.599244775623     0.576875319883     0.570365314407     0.572220760765     0.614885510630     0.627483641866     0.631312029691
CI.mean.0.95     1.175649424556     1.131763121599     1.118991238550     1.122631411202     1.206334750251     1.231050836799     1.238561694009
var            444.199650474972   411.655211611766   402.416624153331   405.039073026139   467.690144493019   487.051086640871   493.012385115885
std.dev         21.076044469373    20.289288100172    20.060324627317    20.125582551224    21.626144929067    22.069233938696    22.203882208206
coef.var         0.622043018911     0.579881457913     0.545604132803     0.555129679701     0.643808752341     0.658600332493     0.648828363686
                          WW_12              WW_13              WW_14              WW_15              WW_16              WW_17              WW_18
nbr.val       1237.000000000000  1237.000000000000  1237.000000000000  1237.000000000000  1237.000000000000  1237.000000000000  1237.000000000000
nbr.null       313.000000000000   284.000000000000   285.000000000000   247.000000000000   257.000000000000   245.000000000000   239.000000000000
nbr.na           0.000000000000     0.000000000000     0.000000000000     0.000000000000     0.000000000000     0.000000000000     0.000000000000
min              0.000000000000     0.000000000000     0.000000000000     0.000000000000     0.000000000000     0.000000000000     0.000000000000
max             52.000000000000    52.000000000000    52.000000000000    52.000000000000    53.000000000000    52.000000000000    52.000000000000
range           52.000000000000    52.000000000000    52.000000000000    52.000000000000    53.000000000000    52.000000000000    52.000000000000
sum          42199.000000000000 43290.000000000000 43674.000000000000 45547.000000000000 47217.000000000000 47118.000000000000 44966.000000000000
median          52.000000000000    52.000000000000    52.000000000000    52.000000000000    53.000000000000    52.000000000000    52.000000000000
mean            34.113985448666    34.995957962813    35.306386418755    36.820533548909    38.170573969281    38.090541632983    36.350848827809
SE.mean          0.644129876063     0.628102401665     0.635811778791     0.603555483236     0.627621145746     0.603100010444     0.612986386886
CI.mean.0.95     1.263708836420     1.232264772458     1.247389684932     1.184106537794     1.231320603620     1.183212952489     1.202608887585
var            513.235378682636   488.012119571047   500.065436526935   450.613396802474   487.264570301361   449.933543152998   464.805608097679
std.dev         22.654698821274    22.090996346273    22.362142932352    21.227656413332    22.074070089165    21.211636974854    21.559350827371
coef.var         0.664088306403     0.631244224540     0.633373879363     0.576516806448     0.578300711614     0.556874123220     0.593090712393
                          WW_19             WW_20                A97                A98                A99                A00                A01
nbr.val       1237.000000000000 1237.000000000000 1237.0000000000000 1237.0000000000000 1237.0000000000000 1237.0000000000000 1237.0000000000000
nbr.null       244.000000000000  401.000000000000  976.0000000000000  906.0000000000000  920.0000000000000  958.0000000000000 1004.0000000000000
nbr.na           0.000000000000    0.000000000000    0.0000000000000    0.0000000000000    0.0000000000000    0.0000000000000    0.0000000000000
min              0.000000000000    0.000000000000    0.0000000000000    0.0000000000000    0.0000000000000    0.0000000000000    0.0000000000000
max             52.000000000000   28.000000000000    9.0000000000000    9.0000000000000    8.0000000000000   11.0000000000000   11.0000000000000
range           52.000000000000   28.000000000000    9.0000000000000    9.0000000000000    8.0000000000000   11.0000000000000   11.0000000000000
sum          42241.000000000000 7141.000000000000  334.0000000000000  491.0000000000000  481.0000000000000  399.0000000000000  335.0000000000000
median          42.000000000000    4.000000000000    0.0000000000000    0.0000000000000    0.0000000000000    0.0000000000000    0.0000000000000
mean            34.147938561035    5.772837510105    0.2700080840744    0.3969280517381    0.3888439773646    0.3225545675020    0.2708164915117
SE.mean          0.554466277864    0.185331094980    0.0178621821520    0.0248494527442    0.0240177238997    0.0229073318762    0.0215232238980
CI.mean.0.95     1.087799154909    0.363598322471    0.0350435498524    0.0487517722434    0.0471200157773    0.0449415541593    0.0422260932754
var            380.294439517258   42.487999466294    0.3946741908731    0.7638416881850    0.7135647628541    0.6491106210087    0.5730392195336
std.dev         19.501139441511    6.518281941301    0.6282310012035    0.8739803705948    0.8447276264300    0.8056740165902    0.7569935399550
coef.var         0.571078087383    1.129129640301    2.3267118218224    2.2018609336573    2.1724076380331    2.4977913747422    2.7952268923115
                            A02                A03                A04                A05                A06                A07                A08
nbr.val      1237.0000000000000 1237.0000000000000 1237.0000000000000 1237.0000000000000 1237.0000000000000 1237.0000000000000 1237.0000000000000
nbr.null     1037.0000000000000 1066.0000000000000 1117.0000000000000 1123.0000000000000 1128.0000000000000 1145.0000000000000 1150.0000000000000
nbr.na          0.0000000000000    0.0000000000000    0.0000000000000    0.0000000000000    0.0000000000000    0.0000000000000    0.0000000000000
min             0.0000000000000    0.0000000000000    0.0000000000000    0.0000000000000    0.0000000000000    0.0000000000000    0.0000000000000
max            11.0000000000000   30.0000000000000   12.0000000000000   13.0000000000000   10.0000000000000   11.0000000000000   13.0000000000000
range          11.0000000000000   30.0000000000000   12.0000000000000   13.0000000000000   10.0000000000000   11.0000000000000   13.0000000000000
sum           284.0000000000000  295.0000000000000  212.0000000000000  187.0000000000000  178.0000000000000  136.0000000000000  128.0000000000000
median          0.0000000000000    0.0000000000000    0.0000000000000    0.0000000000000    0.0000000000000    0.0000000000000    0.0000000000000
mean            0.2295877122070    0.2384801940178    0.1713823767179    0.1511721907842    0.1438965238480    0.1099434114794    0.1034761519806
SE.mean         0.0189457505404    0.0313497869078    0.0215746773402    0.0191847550261    0.0169716033589    0.0154094719744    0.0154879510576
CI.mean.0.95    0.0371693865791    0.0615046812880    0.0423270390195    0.0376382859295    0.0332963365463    0.0302316141856    0.0303855811334
var             0.4440105903990    1.2157349051495    0.5757823107895    0.4552838190318    0.3562996915494    0.2937279094165    0.2967273887917
std.dev         0.6663411966846    1.1026036936041    0.7588032095277    0.6747472260275    0.5969084448635    0.5419667050811    0.5447268937657
coef.var        2.9023382404889    4.6234602338587    4.4275451423855    4.4634348588024    4.1481783499786    4.9295059866571    5.2642747467828
                            A09                A10                A11                 A12                 A13                 A14                A15
nbr.val      1237.0000000000000 1237.0000000000000 1237.0000000000000 1237.00000000000000 1237.00000000000000 1237.00000000000000 1237.0000000000000
nbr.null     1141.0000000000000 1152.0000000000000 1160.0000000000000 1188.00000000000000 1176.00000000000000 1200.00000000000000 1188.0000000000000
nbr.na          0.0000000000000    0.0000000000000    0.0000000000000    0.00000000000000    0.00000000000000    0.00000000000000    0.0000000000000
min             0.0000000000000    0.0000000000000    0.0000000000000    0.00000000000000    0.00000000000000    0.00000000000000    0.0000000000000
max             7.0000000000000    6.0000000000000    6.0000000000000    4.00000000000000    4.00000000000000    9.00000000000000    8.0000000000000
range           7.0000000000000    6.0000000000000    6.0000000000000    4.00000000000000    4.00000000000000    9.00000000000000    8.0000000000000
sum           154.0000000000000  117.0000000000000  100.0000000000000   62.00000000000000   73.00000000000000   52.00000000000000   70.0000000000000
median          0.0000000000000    0.0000000000000    0.0000000000000    0.00000000000000    0.00000000000000    0.00000000000000    0.0000000000000
mean            0.1244947453517    0.0945836701698    0.0808407437348    0.05012126111560    0.05901374292643    0.04203718674212    0.0565885206144
SE.mean         0.0152340276573    0.0114353359490    0.0104171748064    0.00796069444731    0.00811527780629    0.00942493342001    0.0100373942597
CI.mean.0.95    0.0298874125859    0.0224348157463    0.0204373005237    0.01561796819390    0.01592124298983    0.01849063688573    0.0196922147100
var             0.2870775155468    0.1617586655260    0.1342361857820    0.07839197557511    0.08146601680127    0.10988193065486    0.1246268637192
std.dev         0.5357961511123    0.4021923240516    0.3663825675192    0.27998567030316    0.28542252329007    0.33148443501145    0.3530253018117
coef.var        4.3037651878310    4.2522385030067    4.5321523602127    5.58616571233877    4.83654330561392    7.88550473286861    6.2384614048727
                            A16                A17                 A18                 A19                 A20                 A21  I97
nbr.val      1237.0000000000000 1237.0000000000000 1237.00000000000000 1237.00000000000000 1237.00000000000000 1237.00000000000000 1237
nbr.null     1204.0000000000000 1200.0000000000000 1206.00000000000000 1217.00000000000000 1225.00000000000000 1220.00000000000000 1237
nbr.na          0.0000000000000    0.0000000000000    0.00000000000000    0.00000000000000    0.00000000000000    0.00000000000000    0
min             0.0000000000000    0.0000000000000    0.00000000000000    0.00000000000000    0.00000000000000    0.00000000000000    0
max            15.0000000000000    9.0000000000000    8.00000000000000    8.00000000000000    1.00000000000000    3.00000000000000    0
range          15.0000000000000    9.0000000000000    8.00000000000000    8.00000000000000    1.00000000000000    3.00000000000000    0
sum            61.0000000000000   57.0000000000000   45.00000000000000   36.00000000000000   12.00000000000000   23.00000000000000    0
median          0.0000000000000    0.0000000000000    0.00000000000000    0.00000000000000    0.00000000000000    0.00000000000000    0
mean            0.0493128536783    0.0460792239289    0.03637833468068    0.02910266774454    0.00970088924818    0.01859337105901    0
SE.mean         0.0149121481686    0.0116180398842    0.00868638627867    0.00867091152561    0.00278791630847    0.00489082769867    0
CI.mean.0.95    0.0292559219981    0.0227932598830    0.01704169221896    0.01701133253079    0.00546957159594    0.00959524221729    0
var             0.2750743656356    0.1669688383787    0.09333574024221    0.09300348216925    0.00961455447332    0.02958928193013    0
std.dev         0.5244753241437    0.4086182061273    0.30550898553432    0.30496472282750    0.09805383456713    0.17201535376277    0
coef.var       10.6356717371432    8.8677319470081    8.39810255791004   10.47892672604487   10.10771611329526    9.25143446106735  NaN
                            I98                I99                I00                I01                I02                I03                I04
nbr.val      1237.0000000000000 1237.0000000000000 1237.0000000000000 1237.0000000000000 1237.0000000000000 1237.0000000000000 1237.0000000000000
nbr.null     1234.0000000000000 1222.0000000000000 1214.0000000000000 1205.0000000000000 1191.0000000000000 1193.0000000000000 1180.0000000000000
nbr.na          0.0000000000000    0.0000000000000    0.0000000000000    0.0000000000000    0.0000000000000    0.0000000000000    0.0000000000000
min             0.0000000000000    0.0000000000000    0.0000000000000    0.0000000000000    0.0000000000000    0.0000000000000    0.0000000000000
max            11.0000000000000   12.0000000000000   12.0000000000000   12.0000000000000   12.0000000000000   12.0000000000000   12.0000000000000
range          11.0000000000000   12.0000000000000   12.0000000000000   12.0000000000000   12.0000000000000   12.0000000000000   12.0000000000000
sum            20.0000000000000   81.0000000000000  140.0000000000000  170.0000000000000  282.0000000000000  332.0000000000000  400.0000000000000
median          0.0000000000000    0.0000000000000    0.0000000000000    0.0000000000000    0.0000000000000    0.0000000000000    0.0000000000000
mean            0.0161681487470    0.0654810024252    0.1131770412288    0.1374292643492    0.2279708973323    0.2683912691997    0.3233629749394
SE.mean         0.0104096601251    0.0195723087565    0.0283190473387    0.0293007164607    0.0409327651460    0.0461112957063    0.0501066588751
CI.mean.0.95    0.0204225575821    0.0383986218368    0.0555587183437    0.0574846404131    0.0803053839549    0.0904650661432    0.0983035097998
var             0.1340425865899    0.4738641090644    0.9920349629676    1.0620040655830    2.0725826917090    2.6301732189528    3.1057077751005
std.dev         0.3661182685825    0.6883778824631    0.9960095195166    1.0305358147988    1.4396467246200    1.6217808788344    1.7623018399527
coef.var       22.6444149118282   10.5126350692203    8.8004555402999    7.4986635465066    6.3150460934571    6.0425992383076    5.4499184400536
                           I05                I06                I07                I08                I09                I10                I11
nbr.val      1237.000000000000 1237.0000000000000 1237.0000000000000 1237.0000000000000 1237.0000000000000 1237.0000000000000 1237.0000000000000
nbr.null     1174.000000000000 1156.0000000000000 1154.0000000000000 1157.0000000000000 1150.0000000000000 1143.0000000000000 1158.0000000000000
nbr.na          0.000000000000    0.0000000000000    0.0000000000000    0.0000000000000    0.0000000000000    0.0000000000000    0.0000000000000
min             0.000000000000    0.0000000000000    0.0000000000000    0.0000000000000    0.0000000000000    0.0000000000000    0.0000000000000
max            12.000000000000   12.0000000000000   12.0000000000000   12.0000000000000   12.0000000000000   12.0000000000000   12.0000000000000
range          12.000000000000   12.0000000000000   12.0000000000000   12.0000000000000   12.0000000000000   12.0000000000000   12.0000000000000
sum           498.000000000000  589.0000000000000  637.0000000000000  639.0000000000000  663.0000000000000  721.0000000000000  601.0000000000000
median          0.000000000000    0.0000000000000    0.0000000000000    0.0000000000000    0.0000000000000    0.0000000000000    0.0000000000000
mean            0.402586903800    0.4761519805982    0.5149555375909    0.5165723524656    0.5359741309620    0.5828617623282    0.4858528698464
SE.mean         0.055805672197    0.0597727844743    0.0640942971107    0.0637563353164    0.0641895152853    0.0676865598099    0.0617451759896
CI.mean.0.95    0.109484319387    0.1172673380393    0.1257456494923    0.1250826072677    0.1259324566148    0.1327932563251    0.1211369436568
var             3.852355762061    4.4195359898282    5.0816936266623    5.0282445524065    5.0968035203659    5.6672788587066    4.7160213796297
std.dev         1.962741898993    2.1022692477007    2.2542612152682    2.2423747573513    2.2576101347146    2.3806047254231    2.1716402509692
coef.var        4.875324757136    4.4151223419453    4.3775841809838    4.3408725740902    4.2121624987057    4.0843384817591    4.4697487361879
                            I12                I13                I14                I15               I16                I17                I18
nbr.val      1237.0000000000000 1237.0000000000000 1237.0000000000000 1237.0000000000000 1237.000000000000 1237.0000000000000 1237.0000000000000
nbr.null     1170.0000000000000 1163.0000000000000 1164.0000000000000 1175.0000000000000 1187.000000000000 1184.0000000000000 1190.0000000000000
nbr.na          0.0000000000000    0.0000000000000    0.0000000000000    0.0000000000000    0.000000000000    0.0000000000000    0.0000000000000
min             0.0000000000000    0.0000000000000    0.0000000000000    0.0000000000000    0.000000000000    0.0000000000000    0.0000000000000
max            12.0000000000000   12.0000000000000   12.0000000000000   12.0000000000000   12.000000000000   12.0000000000000   12.0000000000000
range          12.0000000000000   12.0000000000000   12.0000000000000   12.0000000000000   12.000000000000   12.0000000000000   12.0000000000000
sum           588.0000000000000  632.0000000000000  632.0000000000000  529.0000000000000  460.000000000000  445.0000000000000  368.0000000000000
median          0.0000000000000    0.0000000000000    0.0000000000000    0.0000000000000    0.000000000000    0.0000000000000    0.0000000000000
mean            0.4753435731609    0.5109135004042    0.5109135004042    0.4276475343573    0.371867421180    0.3597413096200    0.2974939369442
SE.mean         0.0624586887824    0.0644511218928    0.0641255629875    0.0596425824112    0.056824403139    0.0546294854175    0.0480263108822
CI.mean.0.95    0.1225367738070    0.1264456987322    0.1258069895515    0.1170118965458    0.111482952491    0.1071767760147    0.0942221059726
var             4.8256456140626    5.1384325790813    5.0866526438063    4.4003029565736    3.994288823833    3.6916788974264    2.8531733262173
std.dev         2.1967352171035    2.2668111035288    2.2553608677563    2.0976899095371    1.998571695945    1.9213742210789    1.6891338982500
coef.var        4.6213630332602    4.4367805934574    4.4143692933774    4.9051841551935    5.374419973661    5.3409885651114    5.6778767177588
                            I19                I20                I21            NHIN_97            NHIN_02            NHIN_03            NHIN_04
nbr.val      1237.0000000000000 1237.0000000000000 1237.0000000000000 1237.0000000000000 1237.0000000000000 1237.0000000000000 1237.0000000000000
nbr.null     1211.0000000000000 1213.0000000000000 1223.0000000000000 1042.0000000000000  768.0000000000000  696.0000000000000  676.0000000000000
nbr.na          0.0000000000000    0.0000000000000    0.0000000000000    0.0000000000000    0.0000000000000    0.0000000000000    0.0000000000000
min             0.0000000000000    0.0000000000000    0.0000000000000    0.0000000000000    0.0000000000000    0.0000000000000    0.0000000000000
max            12.0000000000000    9.0000000000000   12.0000000000000    1.0000000000000    1.0000000000000    1.0000000000000    1.0000000000000
range          12.0000000000000    9.0000000000000   12.0000000000000    1.0000000000000    1.0000000000000    1.0000000000000    1.0000000000000
sum           212.0000000000000  100.0000000000000  102.0000000000000  195.0000000000000  469.0000000000000  541.0000000000000  561.0000000000000
median          0.0000000000000    0.0000000000000    0.0000000000000    0.0000000000000    0.0000000000000    0.0000000000000    0.0000000000000
mean            0.1713823767179    0.0808407437348    0.0824575586095    0.1576394502829    0.3791430881164    0.4373484236055    0.4535165723525
SE.mean         0.0369695743523    0.0185818220445    0.0250784523940    0.0103650697788    0.0138002863007    0.0141099123956    0.0141604105057
CI.mean.0.95    0.0725300588032    0.0364554006685    0.0492010432551    0.0203350764439    0.0270745767142    0.0276820275507    0.0277810990430
var             1.6906690421811    0.4271164446816    0.7779848940306    0.1328966886690    0.2355840547519    0.2462738696031    0.2480398081798
std.dev         1.3002572984533    0.6535414636285    0.8820345197500    0.3645499810300    0.4853700183900    0.4962598811138    0.4980359506901
coef.var        7.5868786706921    8.0843079050842   10.6968304012818    2.3125555206876    1.2801763598049    1.1347014287205    1.0981648324487
                        NHIN_05            NHIN_06            NHIN_07            NHIN_08            NHIN_09            NHIN_10            NHIN_11
nbr.val      1237.0000000000000 1237.0000000000000 1237.0000000000000 1237.0000000000000 1237.0000000000000 1237.0000000000000 1237.0000000000000
nbr.null      684.0000000000000  688.0000000000000  693.0000000000000  671.0000000000000  667.0000000000000  690.0000000000000  687.0000000000000
nbr.na          0.0000000000000    0.0000000000000    0.0000000000000    0.0000000000000    0.0000000000000    0.0000000000000    0.0000000000000
min             0.0000000000000    0.0000000000000    0.0000000000000    0.0000000000000    0.0000000000000    0.0000000000000    0.0000000000000
max             1.0000000000000    1.0000000000000    1.0000000000000    1.0000000000000    1.0000000000000    1.0000000000000    1.0000000000000
range           1.0000000000000    1.0000000000000    1.0000000000000    1.0000000000000    1.0000000000000    1.0000000000000    1.0000000000000
sum           553.0000000000000  549.0000000000000  544.0000000000000  566.0000000000000  570.0000000000000  547.0000000000000  550.0000000000000
median          0.0000000000000    0.0000000000000    0.0000000000000    0.0000000000000    0.0000000000000    0.0000000000000    0.0000000000000
mean            0.4470493128537    0.4438156831043    0.4397736459175    0.4575586095392    0.4607922392886    0.4421988682296    0.4446240905416
SE.mean         0.0141420276331    0.0141319293092    0.0141184536416    0.0141706750956    0.0141782101694    0.0141266528708    0.0141345106782
CI.mean.0.95    0.0277450339581    0.0277252222064    0.0276987844945    0.0278012369894    0.0278160199388    0.0277148704404    0.0277302865561
var             0.2473962216763    0.2470430339610    0.2465721170072    0.2483995364084    0.2486637731436    0.2468585914874    0.2471332930438
std.dev         0.4973894064778    0.4970342382180    0.4965602853704    0.4983969666926    0.4986619828537    0.4968486605470    0.4971250275773
coef.var        1.1126052365515    1.1199113892089    1.1291269724324    1.0892527346268    1.0821839873510    1.1235864590433    1.1180793802058
                        NHIN_13            NHIN_15            NHIN_17            NHIN_19            NHIN_21     Valid_Insurance
nbr.val      1237.0000000000000 1237.0000000000000 1237.0000000000000 1237.0000000000000 1237.0000000000000  1237.0000000000000
nbr.null      758.0000000000000  847.0000000000000  881.0000000000000  890.0000000000000  931.0000000000000     0.0000000000000
nbr.na          0.0000000000000    0.0000000000000    0.0000000000000    0.0000000000000    0.0000000000000     0.0000000000000
min             0.0000000000000    0.0000000000000    0.0000000000000    0.0000000000000    0.0000000000000     5.0000000000000
max             1.0000000000000    1.0000000000000    1.0000000000000    1.0000000000000    1.0000000000000    16.0000000000000
range           1.0000000000000    1.0000000000000    1.0000000000000    1.0000000000000    1.0000000000000    11.0000000000000
sum           479.0000000000000  390.0000000000000  356.0000000000000  347.0000000000000  306.0000000000000 17280.0000000000000
median          0.0000000000000    0.0000000000000    0.0000000000000    0.0000000000000    0.0000000000000    15.0000000000000
mean            0.3872271624899    0.3152789005659    0.2877930476960    0.2805173807599    0.2473726758286    13.9692805173808
SE.mean         0.0138555389810    0.0132158491758    0.0128775729322    0.0127785273172    0.0122731662951     0.0783297263367
CI.mean.0.95    0.0271829761268    0.0259279781995    0.0252643190616    0.0250700029409    0.0240785426579     0.1536739266482
var             0.2374742630804    0.2160527740933    0.2051340412785    0.2019906706119    0.1863300656929     7.5896704366185
std.dev         0.4873133110027    0.4648147739619    0.4529172565475    0.4494337221570    0.4316596641950     2.7549356501774
coef.var        1.2584688219421    1.4742971163870    1.5737602425540    1.6021599835972    1.7449771392457     0.1972138541244
