                         R0000100           NA_B18           NA_A18 B18_NOARREST B18_ARREST B18_INCAF Classification          Hispanic
nbr.val          103.000000000000 103.000000000000 103.000000000000          103        103       103            103 103.0000000000000
nbr.null           0.000000000000   3.000000000000  23.000000000000          103        103         0              0  83.0000000000000
nbr.na             0.000000000000   0.000000000000   0.000000000000            0          0         0              0   0.0000000000000
min              370.000000000000   0.000000000000   0.000000000000            0          0         1              4   0.0000000000000
max             8892.000000000000  17.000000000000  30.000000000000            0          0         1              4   1.0000000000000
range           8522.000000000000  17.000000000000  30.000000000000            0          0         0              0   1.0000000000000
sum           544023.000000000000 419.000000000000 461.000000000000            0          0       103            412  20.0000000000000
median          5493.000000000000   3.000000000000   2.000000000000            0          0         1              4   0.0000000000000
mean            5281.776699029127   4.067961165049   4.475728155340            0          0         1              4   0.1941747572816
SE.mean          221.548367242033   0.346383270192   0.567010566333            0          0         0              0   0.0391666776282
CI.mean.0.95     439.440135966920   0.687049574072   1.124662769876            0          0         0              0   0.0776869193692
var          5055618.939843898639  12.358081096516  33.114601180278            0          0         0              0   0.1580049495526
std.dev         2248.470355562621   3.515406249143   5.754528753971            0          0         0              0   0.3974983642138
coef.var           0.425703410744   0.864169077952   1.285719005768          NaN        NaN         0              0   2.0471165757010
                         White             Black           Other_R              Male            Sample             PIB16            BMEA97
nbr.val      103.0000000000000 103.0000000000000 103.0000000000000 103.0000000000000 103.0000000000000 103.0000000000000  103.000000000000
nbr.null      53.0000000000000  61.0000000000000  92.0000000000000  21.0000000000000   0.0000000000000  91.0000000000000    0.000000000000
nbr.na         0.0000000000000   0.0000000000000   0.0000000000000   0.0000000000000   0.0000000000000   0.0000000000000    0.000000000000
min            0.0000000000000   0.0000000000000   0.0000000000000   0.0000000000000   1.0000000000000   0.0000000000000    1.000000000000
max            1.0000000000000   1.0000000000000   1.0000000000000   1.0000000000000   2.0000000000000   1.0000000000000   18.000000000000
range          1.0000000000000   1.0000000000000   1.0000000000000   1.0000000000000   1.0000000000000   1.0000000000000   17.000000000000
sum           50.0000000000000  42.0000000000000  11.0000000000000  82.0000000000000 136.0000000000000  12.0000000000000 1174.000000000000
median         0.0000000000000   0.0000000000000   0.0000000000000   1.0000000000000   1.0000000000000   0.0000000000000   12.000000000000
mean           0.4854368932039   0.4077669902913   0.1067961165049   0.7961165048544   1.3203883495146   0.1165048543689   11.398058252427
SE.mean        0.0494863732403   0.0486577757041   0.0305810889283   0.0398913985953   0.0462028408228   0.0317668394864    0.275719575267
CI.mean.0.95   0.0981559866855   0.0965124674013   0.0606574448910   0.0791243999713   0.0916431157042   0.0630093755008    0.546888470235
var            0.2522368170569   0.2438606510565   0.0963259090044   0.1639063392347   0.2198743575100   0.1039406053684    7.830192271083
std.dev        0.5022318359651   0.4938224894196   0.3103641554761   0.4048534787238   0.4689076215098   0.3223982093132    2.798248071755
coef.var       1.0345975820882   1.2110408669099   2.9061370921851   0.5085354671774   0.3551285662905   2.7672512966050    0.245502173246
                        BFEA97        PHEALTH97             BBPHH              CC1Y              HT97                  HHNW97              GH97
nbr.val       103.000000000000 103.000000000000 103.0000000000000 103.0000000000000 103.0000000000000         103.00000000000 103.0000000000000
nbr.null        0.000000000000   0.000000000000  80.0000000000000  80.0000000000000  91.0000000000000           0.00000000000   0.0000000000000
nbr.na          0.000000000000   0.000000000000   0.0000000000000   0.0000000000000   0.0000000000000           0.00000000000   0.0000000000000
min             3.000000000000   1.000000000000   0.0000000000000   0.0000000000000   0.0000000000000      -40000.00000000000   1.0000000000000
max            16.000000000000   5.000000000000   1.0000000000000   1.0000000000000   1.0000000000000      600000.00000000000   5.0000000000000
range          13.000000000000   4.000000000000   1.0000000000000   1.0000000000000   1.0000000000000      640000.00000000000   4.0000000000000
sum          1123.000000000000 285.000000000000  23.0000000000000  23.0000000000000  12.0000000000000     5677144.00000000000 229.0000000000000
median         12.000000000000   3.000000000000   0.0000000000000   0.0000000000000   0.0000000000000       10500.00000000000   2.0000000000000
mean           10.902912621359   2.766990291262   0.2233009708738   0.2233009708738   0.1165048543689       55117.90291262136   2.2233009708738
SE.mean         0.244690258291   0.107055393693   0.0412355318989   0.0412355318989   0.0317668394864       11169.38883446912   0.0994292094018
CI.mean.0.95    0.485341967138   0.212343865793   0.0817904820058   0.0817904820058   0.0630093755008       22154.42979421466   0.1972173654111
var             6.166952217780   1.180468303826   0.1751380163716   0.1751380163716   0.1039406053684 12849790434.36303138733   1.0182752712736
std.dev         2.483334898434   1.086493582046   0.4184949418710   0.4184949418710   0.3223982093132      113356.91612937885   1.0090962646217
coef.var        0.227768027194   0.392662592809   1.8741295222918   1.8741295222918   2.7672512966050           2.05662607137   0.4538729923845
                         GH98             GH99             GH00             GH01              GH02              GH03             GH04             GH05
nbr.val      103.000000000000 103.000000000000 103.000000000000 103.000000000000 103.0000000000000 103.0000000000000 103.000000000000 103.000000000000
nbr.null       0.000000000000   0.000000000000   0.000000000000   0.000000000000   0.0000000000000   0.0000000000000   0.000000000000   0.000000000000
nbr.na         0.000000000000   0.000000000000   0.000000000000   0.000000000000   0.0000000000000   0.0000000000000   0.000000000000   0.000000000000
min            1.000000000000   1.000000000000   1.000000000000   1.000000000000   1.0000000000000   1.0000000000000   1.000000000000   1.000000000000
max            5.000000000000   4.000000000000   5.000000000000   5.000000000000   4.0000000000000   4.0000000000000   5.000000000000   5.000000000000
range          4.000000000000   3.000000000000   4.000000000000   4.000000000000   3.0000000000000   3.0000000000000   4.000000000000   4.000000000000
sum          225.000000000000 215.000000000000 214.000000000000 220.000000000000 222.0000000000000 229.0000000000000 238.000000000000 239.000000000000
median         2.000000000000   2.000000000000   2.000000000000   2.000000000000   2.0000000000000   2.0000000000000   2.000000000000   2.000000000000
mean           2.184466019417   2.087378640777   2.077669902913   2.135922330097   2.1553398058252   2.2233009708738   2.310679611650   2.320388349515
SE.mean        0.095339297919   0.100547517037   0.101097461979   0.104212203964   0.0963420851137   0.0945215882049   0.108666112685   0.112271590354
CI.mean.0.95   0.189105045377   0.199435523303   0.200526336489   0.206704412447   0.1910940690231   0.1874831220362   0.215538719276   0.222690167138
var            0.936226917952   1.041309727775   1.052731772321   1.118598895869   0.9560251284980   0.9202360555873   1.216257376737   1.298305730059
std.dev        0.967588196472   1.020445847546   1.026027179133   1.057638357790   0.9777653749740   0.9592893492515   1.102840594437   1.139432196341
coef.var       0.442940374385   0.488864754871   0.493835511452   0.495167049329   0.4536478991996   0.4314707553402   0.477279753054   0.491052369135
                         GH06             GH07             GH08             GH09             GH10             GH11             GH13             GH15
nbr.val      103.000000000000 103.000000000000 103.000000000000 103.000000000000 103.000000000000 103.000000000000 103.000000000000 103.000000000000
nbr.null       0.000000000000   0.000000000000   0.000000000000   0.000000000000   0.000000000000   0.000000000000   0.000000000000   0.000000000000
nbr.na         0.000000000000   0.000000000000   0.000000000000   0.000000000000   0.000000000000   0.000000000000   0.000000000000   0.000000000000
min            1.000000000000   1.000000000000   1.000000000000   1.000000000000   1.000000000000   1.000000000000   1.000000000000   1.000000000000
max            5.000000000000   5.000000000000   5.000000000000   5.000000000000   5.000000000000   5.000000000000   5.000000000000   4.000000000000
range          4.000000000000   4.000000000000   4.000000000000   4.000000000000   4.000000000000   4.000000000000   4.000000000000   3.000000000000
sum          242.000000000000 246.000000000000 235.000000000000 246.000000000000 263.000000000000 255.000000000000 239.000000000000 243.000000000000
median         2.000000000000   2.000000000000   2.000000000000   2.000000000000   3.000000000000   2.000000000000   2.000000000000   2.000000000000
mean           2.349514563107   2.388349514563   2.281553398058   2.388349514563   2.553398058252   2.475728155340   2.320388349515   2.359223300971
SE.mean        0.110988444323   0.103464643063   0.110738376162   0.113132549977   0.114383569031   0.106735527870   0.107064025452   0.103115718979
CI.mean.0.95   0.220145053070   0.205221628944   0.219649044059   0.224397876468   0.226879266830   0.211709413450   0.212360986847   0.204529539677
var            1.268798781649   1.102608033505   1.263087759376   1.318294308014   1.347610889016   1.173424709690   1.180658671235   1.095183704550
std.dev        1.126409686415   1.050051443266   1.123871771767   1.148169982195   1.160866438922   1.083247298492   1.086581184834   1.046510250571
coef.var       0.479422304548   0.439655685595   0.492590606349   0.480737838074   0.454635905738   0.437546948018   0.468275573380   0.443582534193
                         GH17             GH19             GH21           WW_97           WW_98            WW_99            WW_00            WW_01
nbr.val      103.000000000000 103.000000000000 103.000000000000 103.00000000000 103.00000000000  103.00000000000  103.00000000000  103.00000000000
nbr.null       0.000000000000   0.000000000000   0.000000000000  80.00000000000  66.00000000000   48.00000000000   38.00000000000   38.00000000000
nbr.na         0.000000000000   0.000000000000   0.000000000000   0.00000000000   0.00000000000    0.00000000000    0.00000000000    0.00000000000
min            1.000000000000   1.000000000000   1.000000000000   0.00000000000   0.00000000000    0.00000000000    0.00000000000    0.00000000000
max            5.000000000000   5.000000000000   5.000000000000  52.00000000000  52.00000000000   52.00000000000   53.00000000000   52.00000000000
range          4.000000000000   4.000000000000   4.000000000000  52.00000000000  52.00000000000   52.00000000000   53.00000000000   52.00000000000
sum          252.000000000000 271.000000000000 268.000000000000 636.00000000000 881.00000000000 1266.00000000000 1800.00000000000 2001.00000000000
median         2.000000000000   3.000000000000   3.000000000000   0.00000000000   0.00000000000    5.00000000000   10.00000000000   13.00000000000
mean           2.446601941748   2.631067961165   2.601941747573   6.17475728155   8.55339805825   12.29126213592   17.47572815534   19.42718446602
SE.mean        0.114383569031   0.122626168054   0.099818801975   1.38843138345   1.57699336781    1.59648332525    1.90767507404    1.98046820721
CI.mean.0.95   0.226879266830   0.243228422911   0.197990120433   2.75394706591   3.12795886783    3.16661710601    3.78386446424    3.92824929874
var            1.347610889016   1.548829240434   1.026270702456 198.55739577384 256.15153245764  262.52217780316  374.84009137636  403.99219493623
std.dev        1.160866438922   1.244519682622   1.013050197402  14.09103955618  16.00473468876   16.20253615343   19.36078746788   20.09955708309
coef.var       0.474481123845   0.473009325867   0.389343919151   2.28203942498   1.87115513387    1.31821581659    1.10786728288    1.03460988484
                        WW_02             WW_03             WW_04             WW_05             WW_06             WW_07            WW_08
nbr.val       103.00000000000  103.000000000000  103.000000000000  103.000000000000  103.000000000000  103.000000000000  103.00000000000
nbr.null       39.00000000000   33.000000000000   34.000000000000   33.000000000000   32.000000000000   32.000000000000   30.00000000000
nbr.na          0.00000000000    0.000000000000    0.000000000000    0.000000000000    0.000000000000    0.000000000000    0.00000000000
min             0.00000000000    0.000000000000    0.000000000000    0.000000000000    0.000000000000    0.000000000000    0.00000000000
max            52.00000000000   52.000000000000   52.000000000000   53.000000000000   52.000000000000   52.000000000000   52.00000000000
range          52.00000000000   52.000000000000   52.000000000000   53.000000000000   52.000000000000   52.000000000000   52.00000000000
sum          2075.00000000000 2200.000000000000 2328.000000000000 2628.000000000000 2811.000000000000 2865.000000000000 2576.00000000000
median         13.00000000000   13.000000000000   21.000000000000   26.000000000000   33.000000000000   30.000000000000   21.00000000000
mean           20.14563106796   21.359223300971   22.601941747573   25.514563106796   27.291262135922   27.815533980583   25.00970873786
SE.mean         2.05749306237    2.030786012194    2.095490240074    2.179148720213    2.248701682144    2.230900600562    2.15854965134
CI.mean.0.95    4.08102773373    4.028054426343    4.156394955551    4.322331154246    4.460289124454    4.424980763541    4.28147299881
var           436.02760327432  424.781458214354  452.281172663240  489.114981915096  520.835903293356  512.622501427756  479.91166952218
std.dev        20.88127398590   20.610227029665   21.266903222219   22.115944065653   22.821829534316   22.641168287607   21.90688634932
coef.var        1.03651625087    0.964933356389    0.940932573835    0.866796894506    0.836232103178    0.813975683638    0.87593528493
                         WW_09             WW_10             WW_11             WW_12             WW_13             WW_14             WW_15
nbr.val       103.000000000000  103.000000000000  103.000000000000  103.000000000000  103.000000000000  103.000000000000  103.000000000000
nbr.null       36.000000000000   36.000000000000   35.000000000000   35.000000000000   30.000000000000   36.000000000000   29.000000000000
nbr.na          0.000000000000    0.000000000000    0.000000000000    0.000000000000    0.000000000000    0.000000000000    0.000000000000
min             0.000000000000    0.000000000000    0.000000000000    0.000000000000    0.000000000000    0.000000000000    0.000000000000
max            52.000000000000   52.000000000000   53.000000000000   52.000000000000   52.000000000000   52.000000000000   52.000000000000
range          52.000000000000   52.000000000000   53.000000000000   52.000000000000   52.000000000000   52.000000000000   52.000000000000
sum          2417.000000000000 2468.000000000000 2742.000000000000 2848.000000000000 3243.000000000000 2950.000000000000 3194.000000000000
median         15.000000000000   21.000000000000   27.000000000000   34.000000000000   49.000000000000   42.000000000000   46.000000000000
mean           23.466019417476   23.961165048544   26.621359223301   27.650485436893   31.485436893204   28.640776699029   31.009708737864
SE.mean         2.243666786738    2.193431271856    2.285750581639    2.289145740984    2.279485151562    2.405172988437    2.319497274875
CI.mean.0.95    4.450302433290    4.350660527710    4.533775440939    4.540509723401    4.521347990087    4.770649218589    4.600711846965
var           518.506186940796  495.547496668570  538.139539310870  539.739387016943  535.193413287645  595.840281743765  554.146963639825
std.dev        22.770730926802   22.260896133547   23.197834797905   23.232291901940   23.134247627439   24.409839854939   23.540326328236
coef.var        0.970370411858    0.929040640906    0.871399337777    0.840212804038    0.734760254587    0.852275764427    0.759127617974
                         WW_16             WW_17             WW_18             WW_19            WW_20              A97              A98
nbr.val       103.000000000000  103.000000000000  103.000000000000  103.000000000000 103.000000000000 103.000000000000 103.000000000000
nbr.null       33.000000000000   29.000000000000   32.000000000000   28.000000000000  35.000000000000  69.000000000000  61.000000000000
nbr.na          0.000000000000    0.000000000000    0.000000000000    0.000000000000   0.000000000000   0.000000000000   0.000000000000
min             0.000000000000    0.000000000000    0.000000000000    0.000000000000   0.000000000000   0.000000000000   0.000000000000
max            53.000000000000   52.000000000000   52.000000000000   52.000000000000  26.000000000000   5.000000000000   8.000000000000
range          53.000000000000   52.000000000000   52.000000000000   52.000000000000  26.000000000000   5.000000000000   8.000000000000
sum          3086.000000000000 3459.000000000000 3216.000000000000 3054.000000000000 542.000000000000  54.000000000000  79.000000000000
median         46.000000000000   52.000000000000   46.000000000000   39.000000000000   3.000000000000   0.000000000000   0.000000000000
mean           29.961165048544   33.582524271845   31.223300970874   29.650485436893   5.262135922330   0.524271844660   0.766990291262
SE.mean         2.386303736446    2.292918782115    2.321771088174    2.107509654140   0.636769336945   0.091359697701   0.146800306543
CI.mean.0.95    4.733222146732    4.547993532595    4.605221944862    4.180235406362   1.263028960628   0.181211527214   0.291177711983
var           586.527888825433  541.520083761660  555.233961545783  457.484485056158  41.763944412717   0.859699219494   2.219683990101
std.dev        24.218337862567   23.270584087248   23.563403012846   21.388886952251   6.462502952627   0.927199665387   1.489860392822
coef.var        0.808324303255    0.692937311647    0.754673666145    0.721367176189   1.228114029743   1.768547509905   1.942476208363
                          A99              A00              A01              A02              A03              A04              A05               A06
nbr.val      103.000000000000 103.000000000000 103.000000000000 103.000000000000 103.000000000000 103.000000000000 103.000000000000 103.0000000000000
nbr.null      51.000000000000  60.000000000000  63.000000000000  70.000000000000  78.000000000000  82.000000000000  79.000000000000  82.0000000000000
nbr.na         0.000000000000   0.000000000000   0.000000000000   0.000000000000   0.000000000000   0.000000000000   0.000000000000   0.0000000000000
min            0.000000000000   0.000000000000   0.000000000000   0.000000000000   0.000000000000   0.000000000000   0.000000000000   0.0000000000000
max           11.000000000000   8.000000000000  11.000000000000   9.000000000000  10.000000000000   9.000000000000  19.000000000000   5.0000000000000
range         11.000000000000   8.000000000000  11.000000000000   9.000000000000  10.000000000000   9.000000000000  19.000000000000   5.0000000000000
sum          111.000000000000  97.000000000000 100.000000000000  63.000000000000  45.000000000000  41.000000000000  57.000000000000  32.0000000000000
median         1.000000000000   0.000000000000   0.000000000000   0.000000000000   0.000000000000   0.000000000000   0.000000000000   0.0000000000000
mean           1.077669902913   0.941747572816   0.970873786408   0.611650485437   0.436893203883   0.398058252427   0.553398058252   0.3106796116505
SE.mean        0.161310854483   0.151032516370   0.188401711177   0.126630248436   0.118424442351   0.114059948156   0.200763892086   0.0756079820839
CI.mean.0.95   0.319959315021   0.299572280109   0.373693900824   0.251170497363   0.234894319901   0.226237366359   0.398214228043   0.1499680739730
var            2.680182752713   2.349514563107   3.656006091757   1.651627641348   1.444507900247   1.339996192652   4.151532457643   0.5888063963449
std.dev        1.637126370416   1.532812631442   1.912068537411   1.285156660236   1.201876824075   1.157582045754   2.037530970965   0.7673372116253
coef.var       1.519135280657   1.627625783902   1.969430593533   2.101129142925   2.750962508437   2.908071968601   3.681854210692   2.4698666499191
                          A07               A08               A09               A10               A11               A12               A13
nbr.val      103.000000000000 103.0000000000000 103.0000000000000 103.0000000000000 103.0000000000000 103.0000000000000 103.0000000000000
nbr.null      86.000000000000  83.0000000000000  91.0000000000000  83.0000000000000  89.0000000000000  96.0000000000000  95.0000000000000
nbr.na         0.000000000000   0.0000000000000   0.0000000000000   0.0000000000000   0.0000000000000   0.0000000000000   0.0000000000000
min            0.000000000000   0.0000000000000   0.0000000000000   0.0000000000000   0.0000000000000   0.0000000000000   0.0000000000000
max            9.000000000000   3.0000000000000   2.0000000000000   4.0000000000000   2.0000000000000   1.0000000000000   3.0000000000000
range          9.000000000000   3.0000000000000   2.0000000000000   4.0000000000000   2.0000000000000   1.0000000000000   3.0000000000000
sum           30.000000000000  31.0000000000000  15.0000000000000  30.0000000000000  16.0000000000000   7.0000000000000  15.0000000000000
median         0.000000000000   0.0000000000000   0.0000000000000   0.0000000000000   0.0000000000000   0.0000000000000   0.0000000000000
mean           0.291262135922   0.3009708737864   0.1456310679612   0.2912621359223   0.1553398058252   0.0679611650485   0.1456310679612
SE.mean        0.100096154002   0.0701294002038   0.0423194072188   0.0698521295325   0.0408301481760   0.0249199591425   0.0541584405421
CI.mean.0.95   0.198540246863   0.1391013327902   0.0839403435638   0.1385513677282   0.0809864053136   0.0494286208028   0.1074230100264
var            1.031981724729   0.5065676756139   0.1844660194175   0.5025699600228   0.1717114030078   0.0639634494575   0.3021130782410
std.dev        1.015865013045   0.7117356781938   0.4294950749630   0.7089216882159   0.4143807464251   0.2529099631439   0.5496481403962
coef.var       3.487803211454   2.3647991888373   2.9491995147460   2.4339644628745   2.6675760551114   3.7213894576889   3.7742505640539
                           A14               A15               A16               A17                A18               A19 A20               A21
nbr.val      103.0000000000000 103.0000000000000 103.0000000000000 103.0000000000000 103.00000000000000 103.0000000000000 103 103.0000000000000
nbr.null      96.0000000000000  99.0000000000000 100.0000000000000 100.0000000000000 102.00000000000000  98.0000000000000 103 100.0000000000000
nbr.na         0.0000000000000   0.0000000000000   0.0000000000000   0.0000000000000   0.00000000000000   0.0000000000000   0   0.0000000000000
min            0.0000000000000   0.0000000000000   0.0000000000000   0.0000000000000   0.00000000000000   0.0000000000000   0   0.0000000000000
max            2.0000000000000   1.0000000000000   2.0000000000000   1.0000000000000   1.00000000000000   2.0000000000000   0   1.0000000000000
range          2.0000000000000   1.0000000000000   2.0000000000000   1.0000000000000   1.00000000000000   2.0000000000000   0   1.0000000000000
sum           10.0000000000000   4.0000000000000   4.0000000000000   3.0000000000000   1.00000000000000   6.0000000000000   0   3.0000000000000
median         0.0000000000000   0.0000000000000   0.0000000000000   0.0000000000000   0.00000000000000   0.0000000000000   0   0.0000000000000
mean           0.0970873786408   0.0388349514563   0.0388349514563   0.0291262135922   0.00970873786408   0.0582524271845   0   0.0291262135922
SE.mean        0.0378223202508   0.0191297935174   0.0235863606586   0.0166503480721   0.00970873786408   0.0269852097544   0   0.0166503480721
CI.mean.0.95   0.0750203928854   0.0379438547390   0.0467834345330   0.0330258864544   0.01925723552003   0.0535250355991   0   0.0330258864544
var            0.1473443746431   0.0376927470017   0.0573005901390   0.0285551113649   0.00970873786408   0.0750047591852   0   0.0285551113649
std.dev        0.3838546269658   0.1941462000702   0.2393754167390   0.1689825771047   0.09853292781643   0.2738699676584   0   0.1689825771047
coef.var       3.9537026577478   4.9992646518087   6.1639169810292   5.8017351472602  10.14889156509222   4.7014344448030 NaN   5.8017351472602
                          I97              I98              I99              I00              I01              I02              I03              I04
nbr.val      103.000000000000 103.000000000000 103.000000000000 103.000000000000 103.000000000000 103.000000000000 103.000000000000 103.000000000000
nbr.null      89.000000000000  83.000000000000  64.000000000000  63.000000000000  60.000000000000  67.000000000000  80.000000000000  79.000000000000
nbr.na         0.000000000000   0.000000000000   0.000000000000   0.000000000000   0.000000000000   0.000000000000   0.000000000000   0.000000000000
min            0.000000000000   0.000000000000   0.000000000000   0.000000000000   0.000000000000   0.000000000000   0.000000000000   0.000000000000
max           12.000000000000  12.000000000000  12.000000000000  12.000000000000  12.000000000000  12.000000000000  12.000000000000  12.000000000000
range         12.000000000000  12.000000000000  12.000000000000  12.000000000000  12.000000000000  12.000000000000  12.000000000000  12.000000000000
sum           76.000000000000 100.000000000000 194.000000000000 212.000000000000 240.000000000000 248.000000000000 201.000000000000 203.000000000000
median         0.000000000000   0.000000000000   0.000000000000   0.000000000000   0.000000000000   0.000000000000   0.000000000000   0.000000000000
mean           0.737864077670   0.970873786408   1.883495145631   2.058252427184   2.330097087379   2.407766990291   1.951456310680   1.970873786408
SE.mean        0.239757303620   0.268058538219   0.337204149260   0.355486556077   0.381463798601   0.411253485709   0.403293749313   0.403312080222
CI.mean.0.95   0.475557474935   0.531692839576   0.668842831224   0.705105898461   0.756631635838   0.815719338971   0.799931239570   0.799967598841
var            5.920807157815   7.401104130973  11.711783742623  13.016181229773  14.988006853227  17.420331239292  16.752522368171  16.754045307443
std.dev        2.433270876375   2.720497037486   3.422248346135   3.607794510469   3.871434728008   4.173767032225   4.092984530654   4.093170569063
coef.var       3.297722371929   2.802111948611   1.816966905422   1.752843559332   1.661490737437   1.733459694836   2.097400033121   2.076830387259
                          I05              I06              I07              I08              I09              I10              I11              I12
nbr.val      103.000000000000 103.000000000000 103.000000000000 103.000000000000 103.000000000000 103.000000000000 103.000000000000 103.000000000000
nbr.null      77.000000000000  71.000000000000  74.000000000000  75.000000000000  75.000000000000  79.000000000000  80.000000000000  82.000000000000
nbr.na         0.000000000000   0.000000000000   0.000000000000   0.000000000000   0.000000000000   0.000000000000   0.000000000000   0.000000000000
min            0.000000000000   0.000000000000   0.000000000000   0.000000000000   0.000000000000   0.000000000000   0.000000000000   0.000000000000
max           12.000000000000  12.000000000000  12.000000000000  12.000000000000  12.000000000000  12.000000000000  12.000000000000  12.000000000000
range         12.000000000000  12.000000000000  12.000000000000  12.000000000000  12.000000000000  12.000000000000  12.000000000000  12.000000000000
sum          221.000000000000 259.000000000000 257.000000000000 239.000000000000 215.000000000000 181.000000000000 202.000000000000 172.000000000000
median         0.000000000000   0.000000000000   0.000000000000   0.000000000000   0.000000000000   0.000000000000   0.000000000000   0.000000000000
mean           2.145631067961   2.514563106796   2.495145631068   2.320388349515   2.087378640777   1.757281553398   1.961165048544   1.669902912621
SE.mean        0.407059297231   0.427910706073   0.436501717699   0.429098992774   0.399911182819   0.366985657952   0.409045433638   0.372116964819
CI.mean.0.95   0.807400186011   0.848758856584   0.865799087410   0.851115817620   0.793221934968   0.727914312508   0.811339678158   0.738092235350
var           17.066818960594  18.860079954312  19.624976204074  18.964972396726  16.472682276794  13.871882733676  17.233771178374  14.262516657148
std.dev        4.131200668159   4.342819355478   4.430008600903   4.354879148349   4.058655230097   3.724497648499   4.151357751191   3.776574725482
coef.var       1.925401216382   1.727067156812   1.775450917872   1.876788921673   1.944379017209   2.119465512682   2.116781427588   2.261553469329
                          I13              I14              I15              I16              I17              I18              I19               I20
nbr.val      103.000000000000 103.000000000000 103.000000000000 103.000000000000 103.000000000000 103.000000000000 103.000000000000 103.0000000000000
nbr.null      86.000000000000  88.000000000000  82.000000000000  85.000000000000  92.000000000000  94.000000000000 100.000000000000 100.0000000000000
nbr.na         0.000000000000   0.000000000000   0.000000000000   0.000000000000   0.000000000000   0.000000000000   0.000000000000   0.0000000000000
min            0.000000000000   0.000000000000   0.000000000000   0.000000000000   0.000000000000   0.000000000000   0.000000000000   0.0000000000000
max           12.000000000000  12.000000000000  12.000000000000  12.000000000000  12.000000000000  12.000000000000  12.000000000000   8.0000000000000
range         12.000000000000  12.000000000000  12.000000000000  12.000000000000  12.000000000000  12.000000000000  12.000000000000   8.0000000000000
sum          170.000000000000 142.000000000000 186.000000000000 146.000000000000 110.000000000000  64.000000000000  22.000000000000  14.0000000000000
median         0.000000000000   0.000000000000   0.000000000000   0.000000000000   0.000000000000   0.000000000000   0.000000000000   0.0000000000000
mean           1.650485436893   1.378640776699   1.805825242718   1.417475728155   1.067961165049   0.621359223301   0.213592233010   0.1359223300971
SE.mean        0.389200476394   0.359557574675   0.399899628666   0.353256928075   0.326290183461   0.215573251002   0.134939746153   0.0915718686975
CI.mean.0.95   0.771977299557   0.713180744547   0.793199017360   0.700683441891   0.647195031811   0.427588521235   0.267652346685   0.1816323673792
var           15.602132114982  13.316009899105  16.471730439749  12.853417094993  10.965924233771   4.786598134399   1.875499714449   0.8636969350847
std.dev        3.949953432002   3.649110836780   4.058537968253   3.585166257650   3.311483690700   2.187829548754   1.369488851524   0.9293529658234
coef.var       2.393207079389   2.646890254847   2.247469950161   2.529261126972   3.100752910383   3.521038180025   6.411697804863   6.8373825342720
                          I21           NHIN_97           NHIN_02           NHIN_03           NHIN_04           NHIN_05           NHIN_06
nbr.val      103.000000000000 103.0000000000000 103.0000000000000 103.0000000000000 103.0000000000000 103.0000000000000 103.0000000000000
nbr.null     100.000000000000  81.0000000000000  45.0000000000000  36.0000000000000  40.0000000000000  37.0000000000000  35.0000000000000
nbr.na         0.000000000000   0.0000000000000   0.0000000000000   0.0000000000000   0.0000000000000   0.0000000000000   0.0000000000000
min            0.000000000000   0.0000000000000   0.0000000000000   0.0000000000000   0.0000000000000   0.0000000000000   0.0000000000000
max            9.000000000000   1.0000000000000   1.0000000000000   1.0000000000000   1.0000000000000   1.0000000000000   1.0000000000000
range          9.000000000000   1.0000000000000   1.0000000000000   1.0000000000000   1.0000000000000   1.0000000000000   1.0000000000000
sum           21.000000000000  22.0000000000000  58.0000000000000  67.0000000000000  63.0000000000000  66.0000000000000  68.0000000000000
median         0.000000000000   0.0000000000000   1.0000000000000   1.0000000000000   1.0000000000000   1.0000000000000   1.0000000000000
mean           0.203883495146   0.2135922330097   0.5631067961165   0.6504854368932   0.6116504854369   0.6407766990291   0.6601941747573
SE.mean        0.122135344266   0.0405804201565   0.0491114710737   0.0472118850610   0.0482572933736   0.0475045839904   0.0468976593728
CI.mean.0.95   0.242254876254   0.0804910709708   0.0974123700156   0.0936445501663   0.0957181125975   0.0942251171050   0.0930212850036
var            1.536455358843   0.1696173615077   0.2484294688749   0.2295830953741   0.2398629354654   0.2324386065106   0.2265372168285
std.dev        1.239538365216   0.4118462838338   0.4984269945287   0.4791483020674   0.4897580376731   0.4821188717636   0.4759592596310
coef.var       6.079640553203   1.9281894197673   0.8851375937320   0.7366011210887   0.8007155219101   0.7523976332068   0.7209382903234
                       NHIN_07           NHIN_08           NHIN_09           NHIN_10           NHIN_11           NHIN_13           NHIN_15
nbr.val      103.0000000000000 103.0000000000000 103.0000000000000 103.0000000000000 103.0000000000000 103.0000000000000 103.0000000000000
nbr.null      43.0000000000000  34.0000000000000  33.0000000000000  40.0000000000000  35.0000000000000  48.0000000000000  53.0000000000000
nbr.na         0.0000000000000   0.0000000000000   0.0000000000000   0.0000000000000   0.0000000000000   0.0000000000000   0.0000000000000
min            0.0000000000000   0.0000000000000   0.0000000000000   0.0000000000000   0.0000000000000   0.0000000000000   0.0000000000000
max            1.0000000000000   1.0000000000000   1.0000000000000   1.0000000000000   1.0000000000000   1.0000000000000   1.0000000000000
range          1.0000000000000   1.0000000000000   1.0000000000000   1.0000000000000   1.0000000000000   1.0000000000000   1.0000000000000
sum           60.0000000000000  69.0000000000000  70.0000000000000  63.0000000000000  68.0000000000000  55.0000000000000  50.0000000000000
median         1.0000000000000   1.0000000000000   1.0000000000000   1.0000000000000   1.0000000000000   1.0000000000000   0.0000000000000
mean           0.5825242718447   0.6699029126214   0.6796116504854   0.6116504854369   0.6601941747573   0.5339805825243   0.4854368932039
SE.mean        0.0488284054821   0.0465614711001   0.0462028408228   0.0482572933736   0.0468976593728   0.0493929144727   0.0494863732403
CI.mean.0.95   0.0968509107570   0.0923544571588   0.0916431157042   0.0957181125975   0.0930212850036   0.0979706116633   0.0981559866855
var            0.2455739577384   0.2233009708738   0.2198743575100   0.2398629354654   0.2265372168285   0.2512849800114   0.2522368170569
std.dev        0.4955541925344   0.4725473213063   0.4689076215098   0.4897580376731   0.4759592596310   0.5012833330677   0.5022318359651
coef.var       0.8507013638507   0.7053967260080   0.6899640716502   0.8007155219101   0.7209382903234   0.9387669691994   1.0345975820882
                       NHIN_17           NHIN_19           NHIN_21   Valid_Insurance
nbr.val      103.0000000000000 103.0000000000000 103.0000000000000  103.000000000000
nbr.null      58.0000000000000  58.0000000000000  62.0000000000000    0.000000000000
nbr.na         0.0000000000000   0.0000000000000   0.0000000000000    0.000000000000
min            0.0000000000000   0.0000000000000   0.0000000000000    5.000000000000
max            1.0000000000000   1.0000000000000   1.0000000000000   16.000000000000
range          1.0000000000000   1.0000000000000   1.0000000000000   11.000000000000
sum           45.0000000000000  45.0000000000000  41.0000000000000 1353.000000000000
median         0.0000000000000   0.0000000000000   0.0000000000000   14.000000000000
mean           0.4368932038835   0.4368932038835   0.3980582524272   13.135922330097
SE.mean        0.0491114710737   0.0491114710737   0.0484674825398    0.303243630983
CI.mean.0.95   0.0974123700156   0.0974123700156   0.0961350218121    0.601482304243
var            0.2484294688749   0.2484294688749   0.2419569769655    9.471540072340
std.dev        0.4984269945287   0.4984269945287   0.4918912247292    3.077586728646
coef.var       1.1408440096991   1.1408440096991   1.2357267352952    0.234287829306
