                          R0000100 NA_B18             NA_A18 B18_NOARREST B18_ARREST B18_INCAF Classification            Hispanic               White
nbr.val          6732.000000000000   6732 6732.0000000000000         6732       6732      6732           6732 6732.00000000000000 6732.00000000000000
nbr.null            0.000000000000   6732 5261.0000000000000            0       6732      6732              0 5289.00000000000000 2776.00000000000000
nbr.na              0.000000000000      0    0.0000000000000            0          0         0              0    0.00000000000000    0.00000000000000
min                 1.000000000000      0    0.0000000000000            1          0         0              1    0.00000000000000    0.00000000000000
max              9022.000000000000      0   68.0000000000000            1          0         0              1    1.00000000000000    1.00000000000000
range            9021.000000000000      0   68.0000000000000            0          0         0              0    1.00000000000000    1.00000000000000
sum          30450304.000000000000      0 3849.0000000000000         6732          0         0           6732 1443.00000000000000 3956.00000000000000
median           4530.000000000000      0    0.0000000000000            1          0         0              1    0.00000000000000    1.00000000000000
mean             4523.218062982769      0    0.5717468805704            1          0         0              1    0.21434937611408    0.58764111705288
SE.mean            31.744921431907      0    0.0272631746008            0          0         0              0    0.00500191199624    0.00600003756985
CI.mean.0.95       62.230092845249      0    0.0534444506440            0          0         0              0    0.00980533055019    0.01176197256773
var           6784105.927185193636      0    5.0037656004583            0          0         0              0    0.16842874019720    0.24235503505256
std.dev          2604.631629844265      0    2.2369098328851            0          0         0              0    0.41040070686733    0.49229567848252
coef.var            0.575835963152    NaN    3.9124128331990            0        NaN       NaN              0    1.91463448276567    0.83774886439442
                           Black             Other_R                Male              Sample               PIB16              BMEA97
nbr.val      6732.00000000000000 6732.00000000000000 6732.00000000000000 6732.00000000000000 6732.00000000000000  6732.0000000000000
nbr.null     4933.00000000000000 5752.00000000000000 3573.00000000000000    0.00000000000000 6344.00000000000000     0.0000000000000
nbr.na          0.00000000000000    0.00000000000000    0.00000000000000    0.00000000000000    0.00000000000000     0.0000000000000
min             0.00000000000000    0.00000000000000    0.00000000000000    1.00000000000000    0.00000000000000     1.0000000000000
max             1.00000000000000    1.00000000000000    1.00000000000000    2.00000000000000    1.00000000000000    20.0000000000000
range           1.00000000000000    1.00000000000000    1.00000000000000    1.00000000000000    1.00000000000000    19.0000000000000
sum          1799.00000000000000  980.00000000000000 3159.00000000000000 8442.00000000000000  388.00000000000000 84093.0000000000000
median          0.00000000000000    0.00000000000000    0.00000000000000    1.00000000000000    0.00000000000000    12.0000000000000
mean            0.26723113487819    0.14557338086750    0.46925133689840    1.25401069518717    0.05763517528223    12.4915329768271
SE.mean         0.00539370558486    0.00429871421922    0.00608285436098    0.00530581993099    0.00284062266146     0.0358583438812
CI.mean.0.95    0.01057336998126    0.00842684035464    0.01192431968873    0.01040108628505    0.00556851943515     0.0702937026885
var             0.19584774748984    0.12440025059424    0.24909152083464    0.18951741364284    0.05432143098953     8.6561457999820
std.dev         0.44254688733494    0.35270419701819    0.49909069399723    0.43533597788701    0.23306958400771     2.9421328657935
coef.var        1.65604538384592    2.42286189216982    1.06358928521348    0.34715491626811    4.04387742149453     0.2355301684150
                          BFEA97           PHEALTH97               BBPHH                CC1Y                HT97                  HHNW97
nbr.val       6732.0000000000000  6732.0000000000000 6732.00000000000000 6732.00000000000000 6732.00000000000000        6732.00000000000
nbr.null         0.0000000000000     0.0000000000000 3274.00000000000000 4806.00000000000000 6409.00000000000000           5.00000000000
nbr.na           0.0000000000000     0.0000000000000    0.00000000000000    0.00000000000000    0.00000000000000           0.00000000000
min              1.0000000000000     1.0000000000000    0.00000000000000    0.00000000000000    0.00000000000000     -935251.00000000000
max             20.0000000000000     5.0000000000000    1.00000000000000    1.00000000000000    1.00000000000000      600000.00000000000
range           19.0000000000000     4.0000000000000    1.00000000000000    1.00000000000000    1.00000000000000     1535251.00000000000
sum          84119.0000000000000 15493.0000000000000 3458.00000000000000 1926.00000000000000  323.00000000000000   635284312.00000000000
median          12.0000000000000     2.0000000000000    1.00000000000000    0.00000000000000    0.00000000000000       38500.00000000000
mean            12.4953951277481     2.3013963161022    0.51366607248960    0.28609625668449    0.04797979797980       94367.84194890078
SE.mean          0.0390151747287     0.0133182679772    0.00609211270743    0.00550853511237    0.00260502859218        1710.79504952872
CI.mean.0.95     0.0764820902440     0.0261080202871    0.01194246897792    0.01079847219717    0.00510668049702        3353.69974059405
var             10.2473417395573     1.1940969951907    0.24985035229995    0.20427553255470    0.04568452313958 19703350230.44388961792
std.dev          3.2011469412630     1.0927474526123    0.49985032989881    0.45196850836612    0.21373938134930      140368.62267060930
coef.var         0.2561861316538     0.4748193281473    0.97310364976252    1.57977777690589    4.45477868496437           1.48746246361
                            GH97                GH98                GH99                GH00                GH01                GH02
nbr.val       6732.0000000000000  6732.0000000000000  6732.0000000000000  6732.0000000000000  6732.0000000000000  6732.0000000000000
nbr.null         0.0000000000000     0.0000000000000     0.0000000000000     0.0000000000000     0.0000000000000     0.0000000000000
nbr.na           0.0000000000000     0.0000000000000     0.0000000000000     0.0000000000000     0.0000000000000     0.0000000000000
min              1.0000000000000     1.0000000000000     1.0000000000000     1.0000000000000     1.0000000000000     1.0000000000000
max              5.0000000000000     5.0000000000000     5.0000000000000     5.0000000000000     5.0000000000000     5.0000000000000
range            4.0000000000000     4.0000000000000     4.0000000000000     4.0000000000000     4.0000000000000     4.0000000000000
sum          12909.0000000000000 12702.0000000000000 12965.0000000000000 13125.0000000000000 13533.0000000000000 13849.0000000000000
median           2.0000000000000     2.0000000000000     2.0000000000000     2.0000000000000     2.0000000000000     2.0000000000000
mean             1.9175579322638     1.8868092691622     1.9258764111705     1.9496434937611     2.0102495543672     2.0571895424837
SE.mean          0.0109782715083     0.0109061736371     0.0110611490565     0.0112293747731     0.0111171513244     0.0112441564817
CI.mean.0.95     0.0215208866309     0.0213795519852     0.0216833528550     0.0220131285007     0.0217931350240     0.0220421053276
var              0.8113571018283     0.8007352047395     0.8236535922113     0.8488975106797     0.8320149726265     0.8511338621518
std.dev          0.9007536299279     0.8948380885610     0.9075536304876     0.9213563429421     0.9121485474562     0.9225691638852
coef.var         0.4697399827000     0.4742599600215     0.4712418851093     0.4725768305285     0.4537489116585     0.4484609438425
                            GH03                GH04                GH05                GH06                GH07                GH08
nbr.val       6732.0000000000000  6732.0000000000000  6732.0000000000000  6732.0000000000000  6732.0000000000000  6732.0000000000000
nbr.null         0.0000000000000     0.0000000000000     0.0000000000000     0.0000000000000     0.0000000000000     0.0000000000000
nbr.na           0.0000000000000     0.0000000000000     0.0000000000000     0.0000000000000     0.0000000000000     0.0000000000000
min              1.0000000000000     1.0000000000000     1.0000000000000     1.0000000000000     1.0000000000000     1.0000000000000
max              5.0000000000000     5.0000000000000     5.0000000000000     5.0000000000000     5.0000000000000     5.0000000000000
range            4.0000000000000     4.0000000000000     4.0000000000000     4.0000000000000     4.0000000000000     4.0000000000000
sum          13877.0000000000000 14086.0000000000000 14417.0000000000000 14264.0000000000000 14621.0000000000000 14817.0000000000000
median           2.0000000000000     2.0000000000000     2.0000000000000     2.0000000000000     2.0000000000000     2.0000000000000
mean             2.0613487819370     2.0923945335710     2.1415626856803     2.1188354129531     2.1718657159834     2.2009803921569
SE.mean          0.0113405825470     0.0112338953990     0.0114475241053     0.0113106416145     0.0113954129837     0.0113302743980
CI.mean.0.95     0.0222311309333     0.0220219903582     0.0224407702331     0.0221724372297     0.0223386159423     0.0222109236988
var              0.8657945257852     0.8495811320931     0.8822003804110     0.8612288916413     0.8741868023484     0.8642212939254
std.dev          0.9304808035554     0.9217272547197     0.9392552264486     0.9280241869915     0.9349795732252     0.9296350326474
coef.var         0.4513941608082     0.4405131250016     0.4385840455332     0.4379878594242     0.4304960322107     0.4223731551449
                            GH09                GH10                GH11                GH13                GH15                GH17
nbr.val       6732.0000000000000  6732.0000000000000  6732.0000000000000  6732.0000000000000  6732.0000000000000  6732.0000000000000
nbr.null         0.0000000000000     0.0000000000000     0.0000000000000     0.0000000000000     0.0000000000000     0.0000000000000
nbr.na           0.0000000000000     0.0000000000000     0.0000000000000     0.0000000000000     0.0000000000000     0.0000000000000
min              1.0000000000000     1.0000000000000     1.0000000000000     1.0000000000000     1.0000000000000     1.0000000000000
max              5.0000000000000     5.0000000000000     5.0000000000000     5.0000000000000     5.0000000000000     5.0000000000000
range            4.0000000000000     4.0000000000000     4.0000000000000     4.0000000000000     4.0000000000000     4.0000000000000
sum          15011.0000000000000 15260.0000000000000 15398.0000000000000 15368.0000000000000 15683.0000000000000 15524.0000000000000
median           2.0000000000000     2.0000000000000     2.0000000000000     2.0000000000000     2.0000000000000     2.0000000000000
mean             2.2297979797980     2.2667855020796     2.2872846108140     2.2828282828283     2.3296197266786     2.3060011883541
SE.mean          0.0114758392670     0.0118293805099     0.0117164761518     0.0118337094639     0.0120261675210     0.0117327068312
CI.mean.0.95     0.0224962769115     0.0231893296385     0.0229680013639     0.0231978157583     0.0235750944606     0.0229998186323
var              0.8865699784954     0.9420373255482     0.9241407759153     0.9427269275732     0.9736404436934     0.9267029493375
std.dev          0.9415784505262     0.9705860732301     0.9613224099725     0.9709412585595     0.9867322046500     0.9626541171872
coef.var         0.4222707433844     0.4281772899728     0.4202898080228     0.4253238256522     0.4235593446218     0.4174560369044
                            GH19                GH21              WW_97              WW_98               WW_99               WW_00               WW_01
nbr.val       6732.0000000000000  6732.0000000000000  6732.000000000000  6732.000000000000   6732.000000000000   6732.000000000000   6732.000000000000
nbr.null         0.0000000000000     0.0000000000000  4653.000000000000  3353.000000000000   2253.000000000000   1442.000000000000   1096.000000000000
nbr.na           0.0000000000000     0.0000000000000     0.000000000000     0.000000000000      0.000000000000      0.000000000000      0.000000000000
min              1.0000000000000     1.0000000000000     0.000000000000     0.000000000000      0.000000000000      0.000000000000      0.000000000000
max              5.0000000000000     5.0000000000000    52.000000000000    52.000000000000     52.000000000000     53.000000000000     52.000000000000
range            4.0000000000000     4.0000000000000    52.000000000000    52.000000000000     52.000000000000     53.000000000000     52.000000000000
sum          15687.0000000000000 16244.0000000000000 57362.000000000000 94878.000000000000 134427.000000000000 180570.000000000000 205265.000000000000
median           2.0000000000000     2.0000000000000     0.000000000000     1.000000000000     13.000000000000     27.000000000000     34.000000000000
mean             2.3302139037433     2.4129530600119     8.520796197267    14.093582887701     19.968360071301     26.822638146168     30.490938799762
SE.mean          0.0116224320789     0.0118267098658     0.193507297329     0.227062538348      0.244379124602      0.252652442342      0.243240170055
CI.mean.0.95     0.0227836452173     0.0231840943309     0.379335545210     0.445114437388      0.479060426911      0.495278748075      0.476827715535
var              0.9093648034436     0.9416120180013   252.080238973761   347.084392033984    402.042825834971    429.725483575475    398.304033169928
std.dev          0.9536062098390     0.9703669501798    15.877034955361    18.630201073364     20.051005606577     20.729821117788     19.957555791477
coef.var         0.4092354819045     0.4021491202050     1.863327626643     1.321892468495      1.004138824369      0.772847957938      0.654540548015
                           WW_02               WW_03               WW_04               WW_05               WW_06               WW_07
nbr.val        6732.000000000000   6732.000000000000   6732.000000000000   6732.000000000000   6732.000000000000   6732.000000000000
nbr.null        975.000000000000    903.000000000000    888.000000000000    770.000000000000    686.000000000000    696.000000000000
nbr.na            0.000000000000      0.000000000000      0.000000000000      0.000000000000      0.000000000000      0.000000000000
min               0.000000000000      0.000000000000      0.000000000000      0.000000000000      0.000000000000      0.000000000000
max              52.000000000000     52.000000000000     52.000000000000     53.000000000000     52.000000000000     52.000000000000
range            52.000000000000     52.000000000000     52.000000000000     53.000000000000     52.000000000000     52.000000000000
sum          220668.000000000000 232312.000000000000 243926.000000000000 259038.000000000000 266139.000000000000 271461.000000000000
median           39.000000000000     44.000000000000     48.000000000000     51.000000000000     51.000000000000     52.000000000000
mean             32.778966131907     34.508615567439     36.233808674985     38.478609625668     39.533422459893     40.323975044563
SE.mean           0.240985961951      0.239893697437      0.238252784012      0.235684747279      0.222528276814      0.221193524674
CI.mean.0.95      0.472408754224      0.470267570090      0.467050860451      0.462016695705      0.436225849748      0.433609313123
var             390.955742327184    387.419774223308    382.137867351890    373.944424273673    333.360790364957    329.373705307949
std.dev          19.772600798256     19.682981842783     19.548346921208     19.337642676233     18.258170509801     18.148655743827
coef.var          0.603210019458      0.570378774087      0.539505716789      0.502555650122      0.461841383157      0.450071098491
                           WW_08               WW_09               WW_10               WW_11               WW_12               WW_13
nbr.val        6732.000000000000   6732.000000000000   6732.000000000000   6732.000000000000   6732.000000000000   6732.000000000000
nbr.null        779.000000000000    946.000000000000   1066.000000000000   1081.000000000000   1163.000000000000   1068.000000000000
nbr.na            0.000000000000      0.000000000000      0.000000000000      0.000000000000      0.000000000000      0.000000000000
min               0.000000000000      0.000000000000      0.000000000000      0.000000000000      0.000000000000      0.000000000000
max              52.000000000000     52.000000000000     52.000000000000     53.000000000000     52.000000000000     52.000000000000
range            52.000000000000     52.000000000000     52.000000000000     53.000000000000     52.000000000000     52.000000000000
sum          271666.000000000000 260022.000000000000 257742.000000000000 263221.000000000000 264168.000000000000 267622.000000000000
median           52.000000000000     52.000000000000     52.000000000000     53.000000000000     52.000000000000     52.000000000000
mean             40.354426619133     38.624777183601     38.286096256684     39.099970291147     39.240641711230     39.753713606655
SE.mean           0.224536426239      0.240708007929      0.246214757531      0.250518494222      0.249965831399      0.244173928359
CI.mean.0.95      0.440162458173      0.471863876372      0.482658848405      0.491095534394      0.490012140351      0.478658177332
var             339.404596358156    390.054403085095    408.105330353532    422.497061357014    420.634996349399    401.367947876962
std.dev          18.422936692019     19.749795013749     20.201617023237     20.554733307854     20.509388005238     20.034169508042
coef.var          0.456528272992      0.511324503436      0.527648911704      0.525696903471      0.522656794355      0.503957182624
                           WW_14               WW_15               WW_16               WW_17               WW_18               WW_19
nbr.val        6732.000000000000   6732.000000000000   6732.000000000000   6732.000000000000   6732.000000000000   6732.000000000000
nbr.null       1080.000000000000   1012.000000000000   1053.000000000000   1102.000000000000   1078.000000000000   1093.000000000000
nbr.na            0.000000000000      0.000000000000      0.000000000000      0.000000000000      0.000000000000      0.000000000000
min               0.000000000000      0.000000000000      0.000000000000      0.000000000000      0.000000000000      0.000000000000
max              52.000000000000     52.000000000000     53.000000000000     52.000000000000     52.000000000000     52.000000000000
range            52.000000000000     52.000000000000     53.000000000000     52.000000000000     52.000000000000     52.000000000000
sum          265687.000000000000 271699.000000000000 273966.000000000000 272468.000000000000 267053.000000000000 246012.000000000000
median           52.000000000000     52.000000000000     53.000000000000     52.000000000000     52.000000000000     43.000000000000
mean             39.466280451575     40.359328579917     40.696078431373     40.473559120618     39.669191919192     36.543672014260
SE.mean           0.248629800977      0.238416853528      0.251305700976      0.243510744734      0.247025098967      0.221719776315
CI.mean.0.95      0.487393097888      0.467372488628      0.492638708771      0.477358127539      0.484247374082      0.434640932890
var             416.150549051034    382.664356583744    425.156466568205    399.190654215342    410.796061566489    330.942825795247
std.dev          20.399768357779     19.561808622511     20.619322650567     19.979756110007     20.268104538079     18.191834041549
coef.var          0.516891080800      0.484691131166      0.506666082958      0.493649596035      0.510928091991      0.497810784708
                           WW_20  A97                 A98                 A99                 A00                 A01                 A02
nbr.val       6732.0000000000000 6732 6732.00000000000000 6732.00000000000000 6732.00000000000000 6732.00000000000000 6732.00000000000000
nbr.null      1962.0000000000000 6732 6710.00000000000000 6667.00000000000000 6594.00000000000000 6548.00000000000000 6506.00000000000000
nbr.na           0.0000000000000    0    0.00000000000000    0.00000000000000    0.00000000000000    0.00000000000000    0.00000000000000
min              0.0000000000000    0    0.00000000000000    0.00000000000000    0.00000000000000    0.00000000000000    0.00000000000000
max             28.0000000000000    0    4.00000000000000    5.00000000000000    5.00000000000000    4.00000000000000   25.00000000000000
range           28.0000000000000    0    4.00000000000000    5.00000000000000    5.00000000000000    4.00000000000000   25.00000000000000
sum          38936.0000000000000    0   32.00000000000000   88.00000000000000  195.00000000000000  239.00000000000000  322.00000000000000
median           4.0000000000000    0    0.00000000000000    0.00000000000000    0.00000000000000    0.00000000000000    0.00000000000000
mean             5.7837195484254    0    0.00475341651812    0.01307189542484    0.02896613190731    0.03550207961973    0.04783125371361
SE.mean          0.0779955074709    0    0.00118702927038    0.00189575232270    0.00282392491194    0.00287490012084    0.00513880748954
CI.mean.0.95     0.1528958791672    0    0.00232695304866    0.00371627453249    0.00553578656148    0.00563571410389    0.01007368904263
var             40.9527701177399    0    0.00948564710614    0.02419397908225    0.05368468344645    0.05564032134466    0.17777422913449
std.dev          6.3994351405214    0    0.09739428682494    0.15554413869461    0.23169955426468    0.23588200725078    0.42163281316151
coef.var         1.1064566818880  NaN   20.48932309079685   11.89912661013776    7.99898153492230    6.64417436323117    8.81500651615918
                            A03                 A04                 A05                 A06                 A07                 A08
nbr.val      6732.0000000000000 6732.00000000000000 6732.00000000000000 6732.00000000000000 6732.00000000000000 6732.00000000000000
nbr.null     6524.0000000000000 6515.00000000000000 6505.00000000000000 6511.00000000000000 6552.00000000000000 6569.00000000000000
nbr.na          0.0000000000000    0.00000000000000    0.00000000000000    0.00000000000000    0.00000000000000    0.00000000000000
min             0.0000000000000    0.00000000000000    0.00000000000000    0.00000000000000    0.00000000000000    0.00000000000000
max            60.0000000000000   30.00000000000000   12.00000000000000    8.00000000000000   10.00000000000000   12.00000000000000
range          60.0000000000000   30.00000000000000   12.00000000000000    8.00000000000000   10.00000000000000   12.00000000000000
sum           392.0000000000000  341.00000000000000  301.00000000000000  293.00000000000000  245.00000000000000  203.00000000000000
median          0.0000000000000    0.00000000000000    0.00000000000000    0.00000000000000    0.00000000000000    0.00000000000000
mean            0.0582293523470    0.05065359477124    0.04471182412359    0.04352346999406    0.03639334521687    0.03015448603684
SE.mean         0.0110822394219    0.00685889187616    0.00381512958844    0.00342079868323    0.00340085760689    0.00296693847779
CI.mean.0.95    0.0217246966460    0.01344559882387    0.00747886143031    0.00670584805570    0.00666675723498    0.00581613841240
var             0.8267975180330    0.31670288577968    0.09798569914408    0.07877694596520    0.07786118413636    0.05925993750327
std.dev         0.9092840689427    0.56276361447741    0.31302667481235    0.28067231064926    0.27903616994283    0.24343364086188
coef.var       15.6155621227607   11.11004296968303    7.00098197620190    6.44875766310869    7.66723059614340    8.07288310483837
                             A09                 A10                 A11                 A12                 A13                 A14
nbr.val      6732.00000000000000 6732.00000000000000 6732.00000000000000 6732.00000000000000 6732.00000000000000 6732.00000000000000
nbr.null     6562.00000000000000 6608.00000000000000 6622.00000000000000 6640.00000000000000 6640.00000000000000 6660.00000000000000
nbr.na          0.00000000000000    0.00000000000000    0.00000000000000    0.00000000000000    0.00000000000000    0.00000000000000
min             0.00000000000000    0.00000000000000    0.00000000000000    0.00000000000000    0.00000000000000    0.00000000000000
max             7.00000000000000   33.00000000000000   12.00000000000000   12.00000000000000    4.00000000000000   12.00000000000000
range           7.00000000000000   33.00000000000000   12.00000000000000   12.00000000000000    4.00000000000000   12.00000000000000
sum           243.00000000000000  217.00000000000000  154.00000000000000  119.00000000000000  123.00000000000000  103.00000000000000
median          0.00000000000000    0.00000000000000    0.00000000000000    0.00000000000000    0.00000000000000    0.00000000000000
mean            0.03609625668449    0.03223410576352    0.02287581699346    0.01767676767677    0.01827094474153    0.01530005941771
SE.mean         0.00330257046038    0.00604166424213    0.00295052339661    0.00251623239513    0.00214636794874    0.00256198288782
CI.mean.0.95    0.00647408332127    0.01184357401968    0.00578395965814    0.00493261184802    0.00420756047598    0.00502229729310
var             0.07342573311925    0.24572949027623    0.05860602052934    0.04262315623926    0.03101361963999    0.04418720752934
std.dev         0.27097183085932    0.49571109557507    0.24208680370756    0.20645376295738    0.17610684154794    0.21020753442572
coef.var        7.50692331417659   15.37846587747162   10.58265170493049   11.67938430444590    9.63862810813627   13.73900118207685
                             A15                 A16                 A17                 A18                 A19                  A20
nbr.val      6732.00000000000000 6732.00000000000000 6732.00000000000000 6732.00000000000000 6732.00000000000000 6732.000000000000000
nbr.null     6662.00000000000000 6673.00000000000000 6677.00000000000000 6691.00000000000000 6692.00000000000000 6719.000000000000000
nbr.na          0.00000000000000    0.00000000000000    0.00000000000000    0.00000000000000    0.00000000000000    0.000000000000000
min             0.00000000000000    0.00000000000000    0.00000000000000    0.00000000000000    0.00000000000000    0.000000000000000
max             6.00000000000000    3.00000000000000    4.00000000000000    2.00000000000000    4.00000000000000    2.000000000000000
range           6.00000000000000    3.00000000000000    4.00000000000000    2.00000000000000    4.00000000000000    2.000000000000000
sum            99.00000000000000   71.00000000000000   71.00000000000000   44.00000000000000   52.00000000000000   14.000000000000000
median          0.00000000000000    0.00000000000000    0.00000000000000    0.00000000000000    0.00000000000000    0.000000000000000
mean            0.01470588235294    0.01054664289958    0.01054664289958    0.00653594771242    0.00772430184195    0.002079619726679
SE.mean         0.00212980909507    0.00148741759909    0.00157392351797    0.00104741935823    0.00135827268906    0.000593680311877
CI.mean.0.95    0.00417509988213    0.00291580924179    0.00308538822074    0.00205327343621    0.00266264434550    0.001163801303076
var             0.03053693621261    0.01489395161999    0.01667674763841    0.00738559178438    0.01241989842582    0.002372735897166
std.dev         0.17474820803833    0.12204077851270    0.12913848240710    0.08593946581390    0.11144459801096    0.048710736980324
coef.var       11.88287814660638   11.57152846404950   12.24451075443091   13.14873826952696   14.42778911172609   23.422905810824446
                             A21  I97                  I98                 I99                 I00                 I01                 I02
nbr.val      6732.00000000000000 6732 6732.000000000000000 6732.00000000000000 6732.00000000000000 6732.00000000000000 6732.00000000000000
nbr.null     6701.00000000000000 6732 6728.000000000000000 6724.00000000000000 6705.00000000000000 6696.00000000000000 6673.00000000000000
nbr.na          0.00000000000000    0    0.000000000000000    0.00000000000000    0.00000000000000    0.00000000000000    0.00000000000000
min             0.00000000000000    0    0.000000000000000    0.00000000000000    0.00000000000000    0.00000000000000    0.00000000000000
max             7.00000000000000    0    2.000000000000000    6.00000000000000   12.00000000000000   12.00000000000000   12.00000000000000
range           7.00000000000000    0    2.000000000000000    6.00000000000000   12.00000000000000   12.00000000000000   12.00000000000000
sum            41.00000000000000    0    5.000000000000000   25.00000000000000  119.00000000000000  166.00000000000000  234.00000000000000
median          0.00000000000000    0    0.000000000000000    0.00000000000000    0.00000000000000    0.00000000000000    0.00000000000000
mean            0.00609031491384    0    0.000742721330957    0.00371360665478    0.01767676767677    0.02465834818776    0.03475935828877
SE.mean         0.00143069087020    0    0.000392936109272    0.00156447253375    0.00425111299937    0.00543376769756    0.00603044191228
CI.mean.0.95    0.00280460689992    0    0.000770279133143    0.00306686130056    0.00833352689859    0.01065190440128    0.01182157470146
var             0.01377957169641    0    0.001039412627150    0.01647707024716    0.12166044638931    0.19876789692480    0.24481745805384
std.dev         0.11738642040888    0    0.032239922877541    0.12836304081456    0.34879857566985    0.44583393424548    0.49479031725959
coef.var       19.27427761445260  NaN   43.407832162321114   34.56559963054375   19.73203370932268   18.08044605626839   14.23473681962202
                             I03                 I04                 I05                I06                I07                I08                I09
nbr.val      6732.00000000000000 6732.00000000000000 6732.00000000000000 6732.0000000000000 6732.0000000000000 6732.0000000000000 6732.0000000000000
nbr.null     6705.00000000000000 6678.00000000000000 6649.00000000000000 6638.0000000000000 6626.0000000000000 6632.0000000000000 6627.0000000000000
nbr.na          0.00000000000000    0.00000000000000    0.00000000000000    0.0000000000000    0.0000000000000    0.0000000000000    0.0000000000000
min             0.00000000000000    0.00000000000000    0.00000000000000    0.0000000000000    0.0000000000000    0.0000000000000    0.0000000000000
max            12.00000000000000   12.00000000000000   12.00000000000000   12.0000000000000   12.0000000000000   12.0000000000000   12.0000000000000
range          12.00000000000000   12.00000000000000   12.00000000000000   12.0000000000000   12.0000000000000   12.0000000000000   12.0000000000000
sum           173.00000000000000  251.00000000000000  471.00000000000000  595.0000000000000  689.0000000000000  747.0000000000000  686.0000000000000
median          0.00000000000000    0.00000000000000    0.00000000000000    0.0000000000000    0.0000000000000    0.0000000000000    0.0000000000000
mean            0.02569815805110    0.03728461081402    0.06996434937611    0.0883838383838    0.1023469994058    0.1109625668449    0.1019013666072
SE.mean         0.00591719130179    0.00652569051876    0.00962982939587    0.0111172692739    0.0118141005549    0.0129201363418    0.0119696267063
CI.mean.0.95    0.01159956766260    0.01279241870964    0.01887751332679    0.0217933662424    0.0231593760909    0.0253275562785    0.0234642565694
var             0.23570854533608    0.28667977457817    0.62428269075083    0.8320326275682    0.9396052469781    1.1237722422473    0.9645068581945
std.dev         0.48549824442121    0.53542485427758    0.79011561859694    0.9121582250729    0.9693323717787    1.0600812432297    0.9820931005737
coef.var       18.89233630892261   14.36047856173984   11.29311750402257   10.3204187751109    9.4710385004558    9.5535032522384    9.6376833135020
                            I10                I11                I12                I13                I14                I15                I16
nbr.val      6732.0000000000000 6732.0000000000000 6732.0000000000000 6732.0000000000000 6732.0000000000000 6732.0000000000000 6732.0000000000000
nbr.null     6640.0000000000000 6649.0000000000000 6658.0000000000000 6664.0000000000000 6666.0000000000000 6658.0000000000000 6659.0000000000000
nbr.na          0.0000000000000    0.0000000000000    0.0000000000000    0.0000000000000    0.0000000000000    0.0000000000000    0.0000000000000
min             0.0000000000000    0.0000000000000    0.0000000000000    0.0000000000000    0.0000000000000    0.0000000000000    0.0000000000000
max            12.0000000000000   12.0000000000000   12.0000000000000   12.0000000000000   12.0000000000000   12.0000000000000   12.0000000000000
range          12.0000000000000   12.0000000000000   12.0000000000000   12.0000000000000   12.0000000000000   12.0000000000000   12.0000000000000
sum           588.0000000000000  573.0000000000000  509.0000000000000  494.0000000000000  563.0000000000000  599.0000000000000  601.0000000000000
median          0.0000000000000    0.0000000000000    0.0000000000000    0.0000000000000    0.0000000000000    0.0000000000000    0.0000000000000
mean            0.0873440285205    0.0851158645276    0.0756090314914    0.0733808674985    0.0836304218657    0.0889780154486    0.0892751039810
SE.mean         0.0110498001771    0.0111170876311    0.0103739209285    0.0103048024828    0.0113758019891    0.0116667488269    0.0115676280257
CI.mean.0.95    0.0216611054596    0.0217930101650    0.0203361682257    0.0202006741970    0.0223001721863    0.0228705200690    0.0226762119283
var             0.8219643011781    0.8320054389579    0.7244859609227    0.7148640397349    0.8711805188664    0.9163129057713    0.9008090421197
std.dev         0.9066224689352    0.9121433215005    0.8511674106324    0.8454963274521    0.9333705153187    0.9572423443263    0.9491096049033
coef.var       10.3799021443395   10.7164901227594   11.2574833170483   11.5220268753183   11.1606577426746   10.7581894190391   10.6312909487669
                            I17                 I18                 I19                 I20                 I21             NHIN_97
nbr.val      6732.0000000000000 6732.00000000000000 6732.00000000000000 6732.00000000000000 6732.00000000000000 6732.00000000000000
nbr.null     6674.0000000000000 6686.00000000000000 6697.00000000000000 6702.00000000000000 6712.00000000000000 5852.00000000000000
nbr.na          0.0000000000000    0.00000000000000    0.00000000000000    0.00000000000000    0.00000000000000    0.00000000000000
min             0.0000000000000    0.00000000000000    0.00000000000000    0.00000000000000    0.00000000000000    0.00000000000000
max            12.0000000000000   12.00000000000000   12.00000000000000    8.00000000000000   12.00000000000000    1.00000000000000
range          12.0000000000000   12.00000000000000   12.00000000000000    8.00000000000000   12.00000000000000    1.00000000000000
sum           489.0000000000000  391.00000000000000  232.00000000000000  147.00000000000000  161.00000000000000  880.00000000000000
median          0.0000000000000    0.00000000000000    0.00000000000000    0.00000000000000    0.00000000000000    0.00000000000000
mean            0.0726381461676    0.05808080808081    0.03446226975639    0.02183600713012    0.02391562685680    0.13071895424837
SE.mean         0.0106975082629    0.00921796159837    0.00701521596558    0.00427413531074    0.00602546887026    0.00410874881864
CI.mean.0.95    0.0209705018121    0.01807012209311    0.01375204351361    0.00837865791513    0.01181182596519    0.00805444804801
var             0.7703877501893    0.57202353350771    0.33130363295447    0.12298174223026    0.24441384401665    0.11364839106543
std.dev         0.8777173521067    0.75632237406262    0.57558981310866    0.35068752790805    0.49438228529818    0.33711777031986
coef.var       12.0834217063040   13.02189826646938   16.70202854244624   16.06005740052372   20.67193505979704    2.57895094294693
                         NHIN_02             NHIN_03             NHIN_04             NHIN_05             NHIN_06             NHIN_07
nbr.val      6732.00000000000000 6732.00000000000000 6732.00000000000000 6732.00000000000000 6732.00000000000000 6732.00000000000000
nbr.null     4996.00000000000000 4759.00000000000000 4697.00000000000000 4721.00000000000000 4765.00000000000000 4786.00000000000000
nbr.na          0.00000000000000    0.00000000000000    0.00000000000000    0.00000000000000    0.00000000000000    0.00000000000000
min             0.00000000000000    0.00000000000000    0.00000000000000    0.00000000000000    0.00000000000000    0.00000000000000
max             1.00000000000000    1.00000000000000    1.00000000000000    1.00000000000000    1.00000000000000    1.00000000000000
range           1.00000000000000    1.00000000000000    1.00000000000000    1.00000000000000    1.00000000000000    1.00000000000000
sum          1736.00000000000000 1973.00000000000000 2035.00000000000000 2011.00000000000000 1967.00000000000000 1946.00000000000000
median          0.00000000000000    0.00000000000000    0.00000000000000    0.00000000000000    0.00000000000000    0.00000000000000
mean            0.25787284610814    0.29307783719548    0.30228758169935    0.29872251931075    0.29218657159834    0.28906714200832
SE.mean         0.00533214772288    0.00554801328629    0.00559768665806    0.00557877868525    0.00554306191824    0.00552552899915
CI.mean.0.95    0.01045269708955    0.01087586191236    0.01097323744199    0.01093617183116    0.01086615566396    0.01083178559361
var             0.19140287314757    0.20721399899173    0.21094113374563    0.20951849853901    0.20684430451138    0.20553786089018
std.dev         0.43749614072305    0.45520764381953    0.45928328267599    0.45773190683959    0.45480139018189    0.45336283580614
coef.var        1.69655761483157    1.55319708980895    1.51935875133894    1.53229795964403    1.55654446299159    1.56836516477231
                        NHIN_08             NHIN_09             NHIN_10             NHIN_11             NHIN_13             NHIN_15
nbr.val      6732.0000000000000 6732.00000000000000 6732.00000000000000 6732.00000000000000 6732.00000000000000 6732.00000000000000
nbr.null     4722.0000000000000 4675.00000000000000 4745.00000000000000 4795.00000000000000 5137.00000000000000 5516.00000000000000
nbr.na          0.0000000000000    0.00000000000000    0.00000000000000    0.00000000000000    0.00000000000000    0.00000000000000
min             0.0000000000000    0.00000000000000    0.00000000000000    0.00000000000000    0.00000000000000    0.00000000000000
max             1.0000000000000    1.00000000000000    1.00000000000000    1.00000000000000    1.00000000000000    1.00000000000000
range           1.0000000000000    1.00000000000000    1.00000000000000    1.00000000000000    1.00000000000000    1.00000000000000
sum          2010.0000000000000 2057.00000000000000 1987.00000000000000 1937.00000000000000 1595.00000000000000 1216.00000000000000
median          0.0000000000000    0.00000000000000    0.00000000000000    0.00000000000000    0.00000000000000    0.00000000000000
mean            0.2985739750446    0.30555555555556    0.29515745692216    0.28773024361260    0.23692810457516    0.18062982768865
SE.mean         0.0055779821159    0.00561466760837    0.00555946677821    0.00551791763472    0.00518264216405    0.00468915958945
CI.mean.0.95    0.0109346103031    0.01100652547884    0.01089831438141    0.01081686491042    0.01015961887775    0.00919223685097
var             0.2094586703551    0.21222288251704    0.20807044021626    0.20497199793826    0.18082003761738    0.14802468125547
std.dev         0.4576665493076    0.46067654869447    0.45614738869828    0.45273833274669    0.42522939411262    0.38473975783050
coef.var        1.5328413979795    1.50766870481825    1.54543745380817    1.57348190813151    1.79476130480636    2.12999017246295
                         NHIN_17             NHIN_19             NHIN_21     Valid_Insurance
nbr.val      6732.00000000000000 6732.00000000000000 6732.00000000000000  6732.0000000000000
nbr.null     5646.00000000000000 5583.00000000000000 5731.00000000000000     0.0000000000000
nbr.na          0.00000000000000    0.00000000000000    0.00000000000000     0.0000000000000
min             0.00000000000000    0.00000000000000    0.00000000000000     5.0000000000000
max             1.00000000000000    1.00000000000000    1.00000000000000    16.0000000000000
range           1.00000000000000    1.00000000000000    1.00000000000000    11.0000000000000
sum          1086.00000000000000 1149.00000000000000 1001.00000000000000 94823.0000000000000
median          0.00000000000000    0.00000000000000    0.00000000000000    15.0000000000000
mean            0.16131907308378    0.17067736185383    0.14869281045752    14.0854129530600
SE.mean         0.00448333764155    0.00458574525849    0.00433658976413     0.0347276055856
CI.mean.0.95    0.00878876069322    0.00898951203305    0.00850108840975     0.0680770977657
var             0.13531533005958    0.14156762906402    0.12660206458654     8.1188363619062
std.dev         0.36785232099251    0.37625473959011    0.35581183873860     2.8493571839814
coef.var        2.28027792350054    2.20447946642354    2.39293236602224     0.2022913487504
