                          R0000100             NA_B18             NA_A18        B18_NOARREST          B18_ARREST           B18_INCAF Classification
nbr.val          8961.000000000000 8958.0000000000000 8961.0000000000000 8961.00000000000000 8961.00000000000000 8961.00000000000000             NA
nbr.null            0.000000000000 7361.0000000000000 6540.0000000000000 1600.00000000000000 7470.00000000000000 8852.00000000000000             NA
nbr.na              0.000000000000    3.0000000000000    0.0000000000000    0.00000000000000    0.00000000000000    0.00000000000000             NA
min                 1.000000000000    0.0000000000000    0.0000000000000    0.00000000000000    0.00000000000000    0.00000000000000             NA
max              9022.000000000000   17.0000000000000   68.0000000000000    1.00000000000000    1.00000000000000    1.00000000000000             NA
range            9021.000000000000   17.0000000000000   68.0000000000000    1.00000000000000    1.00000000000000    1.00000000000000             NA
sum          40373741.000000000000 3387.0000000000000 7736.0000000000000 7361.00000000000000 1491.00000000000000  109.00000000000000             NA
median           4505.000000000000    0.0000000000000    0.0000000000000    1.00000000000000    0.00000000000000    0.00000000000000             NA
mean             4505.495034036380    0.3780977896852    0.8632965070863    0.82144849905145    0.16638767994643    0.01216382100212             NA
SE.mean            27.499637129187    0.0125275787756    0.0292878605441    0.00404592583957    0.00393449176339    0.00115803975675             NA
CI.mean.0.95       53.905580198356    0.0245569215973    0.0574109072052    0.00793094028102    0.00771250399760    0.00227002286201             NA
var           6776577.408485380933    1.4058705801425    7.6865556050425    0.14668723197347    0.13871830013391    0.01201720351683             NA
std.dev          2603.186011118948    1.1856941343123    2.7724638149203    0.38299769186442    0.37244905709897    0.10962300633000             NA
coef.var            0.577780242005    3.1359456909268    3.2114850369055    0.46624674864788    2.23844131499926    9.01221797911116             NA
                        Hispanic               White               Black             Other_R                Male               Sample
nbr.val      8938.00000000000000 8882.00000000000000 8882.00000000000000 8882.00000000000000 8961.00000000000000  8961.00000000000000
nbr.null     7044.00000000000000 3659.00000000000000 6501.00000000000000 7604.00000000000000 4376.00000000000000     0.00000000000000
nbr.na         23.00000000000000   79.00000000000000   79.00000000000000   79.00000000000000    0.00000000000000     0.00000000000000
min             0.00000000000000    0.00000000000000    0.00000000000000    0.00000000000000    0.00000000000000     1.00000000000000
max             1.00000000000000    1.00000000000000    1.00000000000000    1.00000000000000    1.00000000000000     2.00000000000000
range           1.00000000000000    1.00000000000000    1.00000000000000    1.00000000000000    1.00000000000000     1.00000000000000
sum          1894.00000000000000 5223.00000000000000 2381.00000000000000 1278.00000000000000 4585.00000000000000 11193.00000000000000
median          0.00000000000000    1.00000000000000    0.00000000000000    0.00000000000000    1.00000000000000     1.00000000000000
mean            0.21190422913403    0.58804323350597    0.26807025444720    0.14388651204684    0.51166164490570     1.24907934382323
SE.mean         0.00432278296834    0.00522275331975    0.00470032704504    0.00372430103001    0.00528077719817     0.00456890236095
CI.mean.0.95    0.00847364653964    0.01023780368299    0.00921372743205    0.00730049084597    0.01035153145580     0.00895609391061
var             0.16701951326174    0.24227566618605    0.19623068620214    0.12319705411599    0.24989189264591     0.18705969917261
std.dev         0.40868020904093    0.49221506090941    0.44297932931700    0.35099437903761    0.49989188095618     0.43250398746440
coef.var        1.92860808258068    0.83703889929109    1.65247475976213    2.43938346996245    0.97699697824391     0.34625821778509
                           PIB16               BMEA97              BFEA97           PHEALTH97               BBPHH                CC1Y
nbr.val      7690.00000000000000   8267.0000000000000  7102.0000000000000  7922.0000000000000 8961.00000000000000 7799.00000000000000
nbr.null     7153.00000000000000      0.0000000000000     0.0000000000000     0.0000000000000 4580.00000000000000 5538.00000000000000
nbr.na       1271.00000000000000    694.0000000000000  1859.0000000000000  1039.0000000000000    0.00000000000000 1162.00000000000000
min             0.00000000000000      1.0000000000000     1.0000000000000     1.0000000000000    0.00000000000000    0.00000000000000
max             1.00000000000000     20.0000000000000    20.0000000000000     5.0000000000000    1.00000000000000    1.00000000000000
range           1.00000000000000     19.0000000000000    19.0000000000000     4.0000000000000    1.00000000000000    1.00000000000000
sum           537.00000000000000 102800.0000000000000 89208.0000000000000 18407.0000000000000 4381.00000000000000 2261.00000000000000
median          0.00000000000000     12.0000000000000    12.0000000000000     2.0000000000000    0.00000000000000    0.00000000000000
mean            0.06983094928479     12.4349824603847    12.5609687411997     2.3235294117647    0.48889632853476    0.28990896268752
SE.mean         0.00290649771002      0.0320499766308     0.0380897245717     0.0123415983924    0.00528091142702    0.00513802509507
CI.mean.0.95    0.00569752770727      0.0628259992947     0.0746672153237     0.0241927851183    0.01035179457504    0.01007190744256
var             0.06496303553571      8.4918706838201    10.3037741916717     1.2066398330573    0.24990459650549    0.20588815534285
std.dev         0.25487847209152      2.9140814476984     3.2099492506380     1.0984715895540    0.49990458740193    0.45374900037669
coef.var        3.64993566179481      0.2343454409350     0.2555494975566     0.4727599246182    1.02251655049274    1.56514305791146
                            HT97                 HHNW97                GH97                 GH98                GH99                GH00
nbr.val      7861.00000000000000        6608.0000000000  8956.0000000000000  8369.00000000000000  8190.0000000000000  8060.0000000000000
nbr.null     7426.00000000000000           3.0000000000     0.0000000000000     0.00000000000000     0.0000000000000     0.0000000000000
nbr.na       1100.00000000000000        2353.0000000000     5.0000000000000   592.00000000000000   771.0000000000000   901.0000000000000
min             0.00000000000000     -935251.0000000000     1.0000000000000     1.00000000000000     1.0000000000000     1.0000000000000
max             1.00000000000000      600000.0000000000     5.0000000000000     5.00000000000000     5.0000000000000     5.0000000000000
range           1.00000000000000     1535251.0000000000     4.0000000000000     4.00000000000000     4.0000000000000     4.0000000000000
sum           435.00000000000000   595284177.0000000000 17396.0000000000000 16051.00000000000000 16050.0000000000000 16072.0000000000000
median          0.00000000000000       34500.0000000000     2.0000000000000     2.00000000000000     2.0000000000000     2.0000000000000
mean            0.05533647118687       90085.3778753027     1.9423849933006     1.91791133946708     1.9597069597070     1.9940446650124
SE.mean         0.00257889126776        1688.0688880621     0.0096148913360     0.00997814738731     0.0101596903771     0.0105046657884
CI.mean.0.95    0.00505531247250        3309.1604414447     0.0188473881555     0.01955963865089     0.0199155708214     0.0205918592561
var             0.05228099682363 18830001980.1318969727     0.8279475886704     0.83324630619191     0.8453661370989     0.8894049068024
std.dev         0.22865038120158      137222.4543583589     0.9099162536576     0.91282326120225     0.9194379463014     0.9430826617017
coef.var        4.13200148649566           1.5232489178     0.4684530908116     0.47594653747440     0.4691711389538     0.4729496175533
                           GH01                GH02                GH03                GH04                GH05                GH06
nbr.val       7863.000000000000  7877.0000000000000  7737.0000000000000  7478.0000000000000  7321.0000000000000  7543.0000000000000
nbr.null         0.000000000000     0.0000000000000     0.0000000000000     0.0000000000000     0.0000000000000     0.0000000000000
nbr.na        1098.000000000000  1084.0000000000000  1224.0000000000000  1483.0000000000000  1640.0000000000000  1418.0000000000000
min              1.000000000000     1.0000000000000     1.0000000000000     1.0000000000000     1.0000000000000     1.0000000000000
max              5.000000000000     5.0000000000000     5.0000000000000     5.0000000000000     5.0000000000000     5.0000000000000
range            4.000000000000     4.0000000000000     4.0000000000000     4.0000000000000     4.0000000000000     4.0000000000000
sum          16030.000000000000 16475.0000000000000 16185.0000000000000 15852.0000000000000 15886.0000000000000 16221.0000000000000
median           2.000000000000     2.0000000000000     2.0000000000000     2.0000000000000     2.0000000000000     2.0000000000000
mean             2.038662088261     2.0915323092548     2.0918960837534     2.1198181331907     2.1699221417839     2.1504706350259
SE.mean          0.010505169236     0.0105223718743     0.0107117375578     0.0107941609246     0.0110897636001     0.0108686672484
CI.mean.0.95     0.020592923652     0.0206266397496     0.0209979051219     0.0211595919268     0.0217391318165     0.0213056155519
var              0.867749519864     0.8721438807805     0.8877536045051     0.8712910194812     0.9003574939373     0.8910389590620
std.dev          0.931530740160     0.9338864389103     0.9422067737525     0.9334297078416     0.9488716951924     0.9439485997987
coef.var         0.456932389887     0.4465082536750     0.4504080202980     0.4403348066641     0.4372837517628     0.4389497742606
                            GH07                GH08                GH09                GH10                GH11                GH13
nbr.val       7404.0000000000000  7472.0000000000000  7541.0000000000000  7459.0000000000000  7403.0000000000000  7115.0000000000000
nbr.null         0.0000000000000     0.0000000000000     0.0000000000000     0.0000000000000     0.0000000000000     0.0000000000000
nbr.na        1557.0000000000000  1489.0000000000000  1420.0000000000000  1502.0000000000000  1558.0000000000000  1846.0000000000000
min              1.0000000000000     1.0000000000000     1.0000000000000     1.0000000000000     1.0000000000000     1.0000000000000
max              5.0000000000000     5.0000000000000     5.0000000000000     5.0000000000000     5.0000000000000     5.0000000000000
range            4.0000000000000     4.0000000000000     4.0000000000000     4.0000000000000     4.0000000000000     4.0000000000000
sum          16358.0000000000000 16719.0000000000000 17123.0000000000000 17211.0000000000000 17248.0000000000000 16506.0000000000000
median           2.0000000000000     2.0000000000000     2.0000000000000     2.0000000000000     2.0000000000000     2.0000000000000
mean             2.2093462992977     2.2375535331906     2.2706537594483     2.3074138624480     2.3298662704309     2.3198875614898
SE.mean          0.0110341830248     0.0109467176362     0.0110642775189     0.0113783183587     0.0113655688592     0.0117144257295
CI.mean.0.95     0.0216301377697     0.0214586487876     0.0216890670978     0.0223047140274     0.0222797487711     0.0229637595357
var              0.9014606559623     0.8953744449989     0.9231559253270     0.9656878537687     0.9562910791148     0.9763755847694
std.dev          0.9494528192397     0.9462422760577     0.9608100360254     0.9826941812022     0.9779013647167     0.9881171918196
coef.var         0.4297437751345     0.4228914580240     0.4231424681228     0.4258855323681     0.4197242464632     0.4259332254814
                            GH15                GH17                GH19                GH21              WW_97               WW_98
nbr.val       7079.0000000000000  6704.0000000000000  6924.0000000000000  6696.0000000000000  8839.000000000000   8805.000000000000
nbr.null         0.0000000000000     0.0000000000000     0.0000000000000     0.0000000000000  6126.000000000000   4404.000000000000
nbr.na        1882.0000000000000  2257.0000000000000  2037.0000000000000  2265.0000000000000   122.000000000000    156.000000000000
min              1.0000000000000     1.0000000000000     1.0000000000000     1.0000000000000     0.000000000000      0.000000000000
max              5.0000000000000     5.0000000000000     5.0000000000000     5.0000000000000    52.000000000000     52.000000000000
range            4.0000000000000     4.0000000000000     4.0000000000000     4.0000000000000    52.000000000000     52.000000000000
sum          16745.0000000000000 15706.0000000000000 16358.0000000000000 16373.0000000000000 73543.000000000000 122624.000000000000
median           2.0000000000000     2.0000000000000     2.0000000000000     2.0000000000000     0.000000000000      0.000000000000
mean             2.3654470970476     2.3427804295943     2.3625072212594     2.4451911589008     8.320285100124     13.926632595116
SE.mean          0.0118800221623     0.0119156740981     0.0116591906528     0.0120745010344     0.166201795264      0.197140841377
CI.mean.0.95     0.0232883979659     0.0233585099309     0.0228555896540     0.0236698663345     0.325794150310      0.386442076508
var              0.9990941452300     0.9518559708776     0.9412258955134     0.9762337797336   244.160021824117    342.202022337170
std.dev          0.9995469699969     0.9756310628909     0.9701679728343     0.9880454340432    15.625620686044     18.498703260963
coef.var         0.4225615407947     0.4164415284363     0.4106518549887     0.4040769697889     1.878015055735      1.328296925665
                           WW_99               WW_00               WW_01               WW_02               WW_03               WW_04
nbr.val        8670.000000000000   8597.000000000000   8560.000000000000   8558.000000000000   8500.000000000000   8475.000000000000
nbr.null       2909.000000000000   1880.000000000000   1476.000000000000   1361.000000000000   1285.000000000000   1257.000000000000
nbr.na          291.000000000000    364.000000000000    401.000000000000    403.000000000000    461.000000000000    486.000000000000
min               0.000000000000      0.000000000000      0.000000000000      0.000000000000      0.000000000000      0.000000000000
max              52.000000000000     53.000000000000     52.000000000000     52.000000000000     52.000000000000     52.000000000000
range            52.000000000000     53.000000000000     52.000000000000     52.000000000000     52.000000000000     52.000000000000
sum          171243.000000000000 227023.000000000000 254865.000000000000 272220.000000000000 284551.000000000000 297393.000000000000
median           13.000000000000     26.000000000000     33.000000000000     38.000000000000     43.000000000000     46.000000000000
mean             19.751211072664     26.407235082005     29.773948598131     31.808833839682     33.476588235294     35.090619469027
SE.mean           0.214656171617      0.223167947495      0.217246302187      0.217372713871      0.218355527803      0.217945770679
CI.mean.0.95      0.420777114137      0.437462736638      0.425855149909      0.426102961384      0.428029927027      0.427226882954
var             399.489948354336    428.164410188215    403.997381766256    404.373174262209    405.272660437560    402.565542158106
std.dev          19.987244641379     20.692134017259     20.099686111138     20.109032156278     20.131384960741     20.064036038597
coef.var          1.011950333974      0.783578210782      0.675076268265      0.632183885069      0.601357128129      0.571777766885
                           WW_05               WW_06               WW_07               WW_08               WW_09               WW_10
nbr.val        8429.000000000000   8376.000000000000   8314.000000000000   8241.000000000000   8205.000000000000   8129.000000000000
nbr.null       1102.000000000000    989.000000000000    994.000000000000   1060.000000000000   1272.000000000000   1435.000000000000
nbr.na          532.000000000000    585.000000000000    647.000000000000    720.000000000000    756.000000000000    832.000000000000
min               0.000000000000      0.000000000000      0.000000000000      0.000000000000      0.000000000000      0.000000000000
max              53.000000000000     52.000000000000     52.000000000000     52.000000000000     52.000000000000     52.000000000000
range            53.000000000000     52.000000000000     52.000000000000     52.000000000000     52.000000000000     52.000000000000
sum          314564.000000000000 321865.000000000000 326480.000000000000 323837.000000000000 307338.000000000000 301203.000000000000
median           50.000000000000     51.000000000000     52.000000000000     52.000000000000     52.000000000000     52.000000000000
mean             37.319254953138     38.427053486151     39.268703391869     39.295837883752     37.457404021938     37.052897035306
SE.mean           0.217444859119      0.207053947437      0.206780399920      0.209854271638      0.224406379281      0.230981914132
CI.mean.0.95      0.426245306428      0.405876937494      0.405341153682      0.411367239552      0.439893320122      0.452783657972
var             398.542226497521    359.090319961796    355.491124338093    362.923877092162    413.189220222534    433.703648409796
std.dev          19.963522397050     18.949678624235     18.854472263580     19.050561070272     20.327056359014     20.825552775612
coef.var          0.534938932251      0.493133792604      0.480139924036      0.484798444218      0.542671252581      0.562049244240
                           WW_11               WW_12               WW_13               WW_14               WW_15               WW_16
nbr.val        8051.000000000000   7885.000000000000   7832.000000000000   7785.000000000000   7639.000000000000   7496.000000000000
nbr.null       1412.000000000000   1501.000000000000   1354.000000000000   1373.000000000000   1231.000000000000   1265.000000000000
nbr.na          910.000000000000   1076.000000000000   1129.000000000000   1176.000000000000   1322.000000000000   1465.000000000000
min               0.000000000000      0.000000000000      0.000000000000      0.000000000000      0.000000000000      0.000000000000
max              53.000000000000     52.000000000000     52.000000000000     52.000000000000     52.000000000000     53.000000000000
range            53.000000000000     52.000000000000     52.000000000000     52.000000000000     52.000000000000     53.000000000000
sum          305829.000000000000 300526.000000000000 303741.000000000000 300931.000000000000 303050.000000000000 300146.000000000000
median           53.000000000000     52.000000000000     52.000000000000     52.000000000000     52.000000000000     53.000000000000
mean             37.986461309154     38.113633481294     38.782048008172     38.655234425177     39.671422961121     40.040821771612
SE.mean           0.234890289744      0.237588659537      0.232158574399      0.236848747917      0.228916195513      0.242415730946
CI.mean.0.95      0.460445738756      0.465736716311      0.455092783789      0.464287209350      0.448738608385      0.475202842056
var             444.201431587913    445.095406443526    422.126031918012    436.717709300767    400.303649074681    440.505338030405
std.dev          21.076086723771     21.097284338121     20.545705924061     20.897791971899     20.007589786745     20.988219029503
coef.var          0.554831537274      0.553536422826      0.529773618962      0.540619977673      0.504332547042      0.524170536489
                           WW_17               WW_18               WW_19              WW_20                 A97                 A98
nbr.val        7295.000000000000   7201.000000000000   6861.000000000000  1971.000000000000 8961.00000000000000 8961.00000000000000
nbr.null       1192.000000000000   1146.000000000000   1006.000000000000   415.000000000000 8575.00000000000000 8454.00000000000000
nbr.na         1666.000000000000   1760.000000000000   2100.000000000000  6990.000000000000    0.00000000000000    0.00000000000000
min               0.000000000000      0.000000000000      0.000000000000     0.000000000000    0.00000000000000    0.00000000000000
max              52.000000000000     52.000000000000     52.000000000000    28.000000000000    9.00000000000000    9.00000000000000
range            52.000000000000     52.000000000000     52.000000000000    28.000000000000    9.00000000000000    9.00000000000000
sum          294669.000000000000 284233.000000000000 254718.000000000000 13347.000000000000  535.00000000000000  839.00000000000000
median           52.000000000000     52.000000000000     43.000000000000     5.000000000000    0.00000000000000    0.00000000000000
mean             40.393283070596     39.471323427302     37.125491910800     6.771689497717    0.05970315812967    0.09362794330990
SE.mean           0.233552409601      0.239204666632      0.213100459919     0.149858014816    0.00351331807371    0.00529657303897
CI.mean.0.95      0.457830283358      0.468911358218      0.417742932038     0.293896879683    0.00688690720882    0.01038249491756
var             397.918380980321    412.033101151075    311.570401088163    44.263583895418    0.11060924223221    0.25138907986194
std.dev          19.947891642485     20.298598502140     17.651356919177     6.653088297582    0.33257967802049    0.50138715566111
coef.var          0.493841800569      0.514261918264      0.475451125647     0.982485729717    5.57055419577871    5.35510167089301
                             A99                 A00                 A01                 A02                A03                 A04
nbr.val      8961.00000000000000 8961.00000000000000 8961.00000000000000 8961.00000000000000 8961.0000000000000 8961.00000000000000
nbr.null     8425.00000000000000 8424.00000000000000 8413.00000000000000 8440.00000000000000 8515.0000000000000 8562.00000000000000
nbr.na          0.00000000000000    0.00000000000000    0.00000000000000    0.00000000000000    0.0000000000000    0.00000000000000
min             0.00000000000000    0.00000000000000    0.00000000000000    0.00000000000000    0.0000000000000    0.00000000000000
max            11.00000000000000   11.00000000000000   11.00000000000000   25.00000000000000   60.0000000000000   30.00000000000000
range          11.00000000000000   11.00000000000000   11.00000000000000   25.00000000000000   60.0000000000000   30.00000000000000
sum           839.00000000000000  850.00000000000000  831.00000000000000  784.00000000000000  865.0000000000000  658.00000000000000
median          0.00000000000000    0.00000000000000    0.00000000000000    0.00000000000000    0.0000000000000    0.00000000000000
mean            0.09362794330990    0.09485548487892    0.09273518580516    0.08749023546479    0.0965294052003    0.07342930476509
SE.mean         0.00483947452096    0.00520516627511    0.00499585465700    0.00537704241968    0.0111865664964    0.00627122029047
CI.mean.0.95    0.00948647724629    0.01020331674817    0.00979301808992    0.01054023331372    0.0219282296192    0.01229302651237
var             0.20987122271908    0.24278714708180    0.22365368979865    0.25908567582540    1.1213729982703    0.35242003543131
std.dev         0.45811704041553    0.49273435752117    0.47292038420716    0.50900459312800    1.0589490064542    0.59364975821718
coef.var        4.89295208481950    5.19457950323199    5.09968659793068    5.81784459058676   10.9702220194634    8.08464359176919
                             A05                A06                 A07                 A08                 A09                 A10
nbr.val      8961.00000000000000 8961.0000000000000 8961.00000000000000 8961.00000000000000 8961.00000000000000 8961.00000000000000
nbr.null     8566.00000000000000 8572.0000000000000 8634.00000000000000 8664.00000000000000 8660.00000000000000 8707.00000000000000
nbr.na          0.00000000000000    0.0000000000000    0.00000000000000    0.00000000000000    0.00000000000000    0.00000000000000
min             0.00000000000000    0.0000000000000    0.00000000000000    0.00000000000000    0.00000000000000    0.00000000000000
max            19.00000000000000   13.0000000000000   11.00000000000000   13.00000000000000    8.00000000000000   33.00000000000000
range          19.00000000000000   13.0000000000000   11.00000000000000   13.00000000000000    8.00000000000000   33.00000000000000
sum           589.00000000000000  575.0000000000000  467.00000000000000  404.00000000000000  448.00000000000000  395.00000000000000
median          0.00000000000000    0.0000000000000    0.00000000000000    0.00000000000000    0.00000000000000    0.00000000000000
mean            0.06572927128669    0.0641669456534    0.05211471933936    0.04508425398951    0.04999442026560    0.04407990179667
SE.mean         0.00468230076867    0.0040793210799    0.00372931190905    0.00335877219409    0.00350007675560    0.00494026437779
CI.mean.0.95    0.00917838073327    0.0079964025923    0.00731030454160    0.00658396192742    0.00686095119593    0.00968404842460
var             0.19646043071564    0.1491187506975    0.12462750290943    0.10109218319065    0.10977706470101    0.21870406682928
std.dev         0.44323857087988    0.3861589707588    0.35302620711419    0.31794996963461    0.33132622096811    0.46765806614371
coef.var        6.74339700111142    6.0180357164683    6.77402107484000    7.05235068786082    6.62726398681963   10.60932640687038
                             A11                 A12                 A13                 A14                 A15                 A16
nbr.val      8961.00000000000000 8961.00000000000000 8961.00000000000000 8961.00000000000000 8961.00000000000000 8961.00000000000000
nbr.null     8740.00000000000000 8800.00000000000000 8786.00000000000000 8828.00000000000000 8823.00000000000000 8860.00000000000000
nbr.na          0.00000000000000    0.00000000000000    0.00000000000000    0.00000000000000    0.00000000000000    0.00000000000000
min             0.00000000000000    0.00000000000000    0.00000000000000    0.00000000000000    0.00000000000000    0.00000000000000
max            12.00000000000000   12.00000000000000    4.00000000000000   12.00000000000000    8.00000000000000   15.00000000000000
range          12.00000000000000   12.00000000000000    4.00000000000000   12.00000000000000    8.00000000000000   15.00000000000000
sum           309.00000000000000  205.00000000000000  228.00000000000000  187.00000000000000  191.00000000000000  148.00000000000000
median          0.00000000000000    0.00000000000000    0.00000000000000    0.00000000000000    0.00000000000000    0.00000000000000
mean            0.03448275862069    0.02287691105903    0.02544358888517    0.02086820667336    0.02131458542573    0.01651601383774
SE.mean         0.00306109089982    0.00228253266298    0.00214145512140    0.00244784758027    0.00220091298194    0.00249935134633
CI.mean.0.95    0.00600043848650    0.00447428622208    0.00419774196458    0.00479834128109    0.00431429297414    0.00489930044570
var             0.08396705665025    0.04668640995903    0.04109362296140    0.05369393363304    0.04340724488657    0.05597719084286
std.dev         0.28977069667281    0.21607038195697    0.20271562091118    0.23171951500261    0.20834405411859    0.23659499327513
coef.var        8.40335020351152    9.44491069617739    7.96725736396956   11.10394959325341    9.77471763851690   14.32518739688134
                             A17                 A18                 A19                  A20                 A21                 I97
nbr.val      8961.00000000000000 8961.00000000000000 8961.00000000000000 8961.000000000000000 8961.00000000000000 8961.00000000000000
nbr.null     8858.00000000000000 8876.00000000000000 8889.00000000000000 8932.000000000000000 8901.00000000000000 8946.00000000000000
nbr.na          0.00000000000000    0.00000000000000    0.00000000000000    0.000000000000000    0.00000000000000    0.00000000000000
min             0.00000000000000    0.00000000000000    0.00000000000000    0.000000000000000    0.00000000000000    0.00000000000000
max             9.00000000000000   11.00000000000000    8.00000000000000    2.000000000000000    7.00000000000000   12.00000000000000
range           9.00000000000000   11.00000000000000    8.00000000000000    2.000000000000000    7.00000000000000   12.00000000000000
sum           139.00000000000000  114.00000000000000  107.00000000000000   31.000000000000000   77.00000000000000   77.00000000000000
median          0.00000000000000    0.00000000000000    0.00000000000000    0.000000000000000    0.00000000000000    0.00000000000000
mean            0.01551166164491    0.01272179444258    0.01194063162593    0.003459435330878    0.00859279098315    0.00859279098315
SE.mean         0.00202992180444    0.00195397145597    0.00177063338029    0.000659227631673    0.00134078342456    0.00286781424928
CI.mean.0.95    0.00397911114650    0.00383023108743    0.00347084651462    0.001292236977572    0.00262824225941    0.00562157203319
var             0.03692454007046    0.03421313788321    0.02809401254643    0.003894280971511    0.01610919141677    0.07369847713106
std.dev         0.19215759175860    0.18496793744649    0.16761268611424    0.062404174311591    0.12692198949266    0.27147463441556
coef.var       12.38794373919999   14.53945339875426   14.03717084364225   18.038832451811921   14.77075256939876   31.59330128568573
                             I98                 I99                 I00                I01                I02                I03                I04
nbr.val      8961.00000000000000 8961.00000000000000 8961.00000000000000 8961.0000000000000 8961.0000000000000 8961.0000000000000 8961.0000000000000
nbr.null     8931.00000000000000 8890.00000000000000 8857.00000000000000 8825.0000000000000 8784.0000000000000 8840.0000000000000 8794.0000000000000
nbr.na          0.00000000000000    0.00000000000000    0.00000000000000    0.0000000000000    0.0000000000000    0.0000000000000    0.0000000000000
min             0.00000000000000    0.00000000000000    0.00000000000000    0.0000000000000    0.0000000000000    0.0000000000000    0.0000000000000
max            12.00000000000000   12.00000000000000   12.00000000000000   12.0000000000000   12.0000000000000   12.0000000000000   12.0000000000000
range          12.00000000000000   12.00000000000000   12.00000000000000   12.0000000000000   12.0000000000000   12.0000000000000   12.0000000000000
sum           138.00000000000000  337.00000000000000  530.00000000000000  712.0000000000000 1028.0000000000000  930.0000000000000 1055.0000000000000
median          0.00000000000000    0.00000000000000    0.00000000000000    0.0000000000000    0.0000000000000    0.0000000000000    0.0000000000000
mean            0.01540006695681    0.03760740988729    0.05914518468921    0.0794554179221    0.1147193393594    0.1037830599263    0.1177323959380
SE.mean         0.00369443665759    0.00559378511717    0.00721588860555    0.0084988531923    0.0106238376983    0.0106796196934    0.0110449911590
CI.mean.0.95    0.00724194106990    0.01096509858764    0.01414479253314    0.0166596966425    0.0208251524328    0.0209344979050    0.0216507095681
var             0.12230745432589    0.28039356058794    0.46659074242352    0.6472575605401    1.0113915757967    1.0220403743603    1.0931687859694
std.dev         0.34972482657925    0.52952201142912    0.68307447794770    0.8045231883172    1.0056796586372    1.0109601250100    1.0455471227876
coef.var       22.70930558678756   14.08025740182900   11.54911395639492   10.1254667001555    8.7664352344827    9.7410899787258    8.8807087841700
                            I05                I06                I07                I08                I09                I10                I11
nbr.val      8961.0000000000000 8961.0000000000000 8961.0000000000000 8961.0000000000000 8961.0000000000000 8961.0000000000000 8961.0000000000000
nbr.null     8756.0000000000000 8722.0000000000000 8696.0000000000000 8708.0000000000000 8697.0000000000000 8712.0000000000000 8734.0000000000000
nbr.na          0.0000000000000    0.0000000000000    0.0000000000000    0.0000000000000    0.0000000000000    0.0000000000000    0.0000000000000
min             0.0000000000000    0.0000000000000    0.0000000000000    0.0000000000000    0.0000000000000    0.0000000000000    0.0000000000000
max            12.0000000000000   12.0000000000000   12.0000000000000   12.0000000000000   12.0000000000000   12.0000000000000   12.0000000000000
range          12.0000000000000   12.0000000000000   12.0000000000000   12.0000000000000   12.0000000000000   12.0000000000000   12.0000000000000
sum          1470.0000000000000 1724.0000000000000 2008.0000000000000 2038.0000000000000 1938.0000000000000 1851.0000000000000 1713.0000000000000
median          0.0000000000000    0.0000000000000    0.0000000000000    0.0000000000000    0.0000000000000    0.0000000000000    0.0000000000000
mean            0.1640441914965    0.1923892422721    0.2240821336904    0.2274299743332    0.2162705055239    0.2065617676599    0.1911617007030
SE.mean         0.0132616711301    0.0144187004595    0.0156782577043    0.0160807964730    0.0153226340663    0.0150568843798    0.0146080184262
CI.mean.0.95    0.0259959094482    0.0282639516414    0.0307329720054    0.0315220400856    0.0300358683147    0.0295149381302    0.0286350581687
var             1.5759882855469    1.8629822484735    2.2026833789676    2.3172430482488    2.1038914911043    2.0315462241140    1.9122254471759
std.dev         1.2553837204404    1.3649110771305    1.4841439886236    1.5222493383966    1.4504797451548    1.4253231998792    1.3828324002481
coef.var        7.6527166795012    7.0945290963842    6.6232142838925    6.6932661046965    6.7067848278287    6.9002275494965    7.2338360412277
                            I12                I13                I14                I15                I16                I17                I18
nbr.val      8961.0000000000000 8961.0000000000000 8961.0000000000000 8961.0000000000000 8961.0000000000000 8961.0000000000000 8961.0000000000000
nbr.null     8764.0000000000000 8767.0000000000000 8774.0000000000000 8776.0000000000000 8798.0000000000000 8819.0000000000000 8838.0000000000000
nbr.na          0.0000000000000    0.0000000000000    0.0000000000000    0.0000000000000    0.0000000000000    0.0000000000000    0.0000000000000
min             0.0000000000000    0.0000000000000    0.0000000000000    0.0000000000000    0.0000000000000    0.0000000000000    0.0000000000000
max            12.0000000000000   12.0000000000000   12.0000000000000   12.0000000000000   12.0000000000000   12.0000000000000   12.0000000000000
range          12.0000000000000   12.0000000000000   12.0000000000000   12.0000000000000   12.0000000000000   12.0000000000000   12.0000000000000
sum          1635.0000000000000 1595.0000000000000 1636.0000000000000 1578.0000000000000 1426.0000000000000 1233.0000000000000  992.0000000000000
median          0.0000000000000    0.0000000000000    0.0000000000000    0.0000000000000    0.0000000000000    0.0000000000000    0.0000000000000
mean            0.1824573150318    0.1779935275081    0.1825689097199    0.1760964178105    0.1591340252204    0.1375962504185    0.1107019305881
SE.mean         0.0144223112400    0.0142469836541    0.0145729248079    0.0143102315597    0.0136541678385    0.0127446798086    0.0109404100763
CI.mean.0.95    0.0282710295974    0.0279273474171    0.0285662666481    0.0280513277821    0.0267652927928    0.0249824881796    0.0214457067196
var             1.8639154341432    1.8188728039760    1.9030488017520    1.8350580192740    1.6706556785754    1.4555071231288    1.0725651433992
std.dev         1.3652528828547    1.3486559249771    1.3795103485484    1.3546431335499    1.2925384630932    1.2064439991681    1.0356472099123
coef.var        7.4825878185085    7.5769941966898    7.5561077220916    7.6926217488853    8.1223262046132    8.7680005486988    9.3552768629277
                             I19                 I20                 I21             NHIN_97             NHIN_02             NHIN_03
nbr.val      8961.00000000000000 8961.00000000000000 8961.00000000000000 7831.00000000000000 7824.00000000000000 7704.00000000000000
nbr.null     8881.00000000000000 8894.00000000000000 8913.00000000000000 6721.00000000000000 5581.00000000000000 5162.00000000000000
nbr.na          0.00000000000000    0.00000000000000    0.00000000000000 1130.00000000000000 1137.00000000000000 1257.00000000000000
min             0.00000000000000    0.00000000000000    0.00000000000000    0.00000000000000    0.00000000000000    0.00000000000000
max            12.00000000000000    9.00000000000000   12.00000000000000    1.00000000000000    1.00000000000000    1.00000000000000
range          12.00000000000000    9.00000000000000   12.00000000000000    1.00000000000000    1.00000000000000    1.00000000000000
sum           572.00000000000000  309.00000000000000  375.00000000000000 1110.00000000000000 2243.00000000000000 2542.00000000000000
median          0.00000000000000    0.00000000000000    0.00000000000000    0.00000000000000    0.00000000000000    0.00000000000000
mean            0.06383216158911    0.03448275862069    0.04184800803482    0.14174434938067    0.28668200408998    0.32995846313603
SE.mean         0.00822483451879    0.00459376375795    0.00676020367869    0.00394167063659    0.00511275687231    0.00535735653866
CI.mean.0.95    0.01612255735186    0.00900482793657    0.01325154582394    0.00772672688418    0.01002236997581    0.01050187601299
var             0.60619285754141    0.18910098522167    0.40952087019944    0.12166842556673    0.20452157290377    0.22111457701002
std.dev         0.77858387957972    0.43485743091463    0.63993817685729    0.34881001357003    0.45224061394767    0.47022821800698
coef.var       12.19736039320608   12.61086549652436   15.29196267418187    2.46083893357380    1.57749913665920    1.42511337196137
                         NHIN_04             NHIN_05             NHIN_06             NHIN_07             NHIN_08             NHIN_09
nbr.val      7453.00000000000000 7294.00000000000000 7530.00000000000000 7386.00000000000000 7457.00000000000000 7534.00000000000000
nbr.null     4975.00000000000000 4847.00000000000000 5047.00000000000000 4997.00000000000000 4962.00000000000000 4981.00000000000000
nbr.na       1508.00000000000000 1667.00000000000000 1431.00000000000000 1575.00000000000000 1504.00000000000000 1427.00000000000000
min             0.00000000000000    0.00000000000000    0.00000000000000    0.00000000000000    0.00000000000000    0.00000000000000
max             1.00000000000000    1.00000000000000    1.00000000000000    1.00000000000000    1.00000000000000    1.00000000000000
range           1.00000000000000    1.00000000000000    1.00000000000000    1.00000000000000    1.00000000000000    1.00000000000000
sum          2478.00000000000000 2447.00000000000000 2483.00000000000000 2389.00000000000000 2495.00000000000000 2553.00000000000000
median          0.00000000000000    0.00000000000000    0.00000000000000    0.00000000000000    0.00000000000000    0.00000000000000
mean            0.33248356366564    0.33548121743899    0.32974767596282    0.32344976983482    0.33458495373475    0.33886381736130
SE.mean         0.00545732287801    0.00552884772464    0.00541802977483    0.00544349961396    0.00546445132977    0.00545348444439
CI.mean.0.95    0.01069789385562    0.01083814113651    0.01062085063287    0.01067081208127    0.01071186670043    0.01069035076857
var             0.22196802593083    0.22296413834181    0.22104350120658    0.21885964791667    0.22266772269740    0.22406487113721
std.dev         0.47113482776253    0.47219078595606    0.47015263607320    0.46782437721507    0.47187680881497    0.47335491033390
coef.var        1.41701689722121    1.40750289855477    1.42579514685106    1.44635866475953    1.41033481496322    1.39688832528616
                         NHIN_10             NHIN_11            NHIN_13             NHIN_15             NHIN_17             NHIN_19
nbr.val      7440.00000000000000 7388.00000000000000 7102.0000000000000 7061.00000000000000 6692.00000000000000 6912.00000000000000
nbr.null     4951.00000000000000 4968.00000000000000 5143.0000000000000 5521.00000000000000 5393.00000000000000 5533.00000000000000
nbr.na       1521.00000000000000 1573.00000000000000 1859.0000000000000 1900.00000000000000 2269.00000000000000 2049.00000000000000
min             0.00000000000000    0.00000000000000    0.0000000000000    0.00000000000000    0.00000000000000    0.00000000000000
max             1.00000000000000    1.00000000000000    1.0000000000000    1.00000000000000    1.00000000000000    1.00000000000000
range           1.00000000000000    1.00000000000000    1.0000000000000    1.00000000000000    1.00000000000000    1.00000000000000
sum          2489.00000000000000 2420.00000000000000 1959.0000000000000 1540.00000000000000 1299.00000000000000 1379.00000000000000
median          0.00000000000000    0.00000000000000    0.0000000000000    0.00000000000000    0.00000000000000    0.00000000000000
mean            0.33454301075269    0.32755820249053    0.2758377921712    0.21809941934570    0.19411237298267    0.19950810185185
SE.mean         0.00547052108876    0.00546056448684    0.0053037745602    0.00491474140638    0.00483524337383    0.00480715684481
CI.mean.0.95    0.01072376911984    0.01070426362505    0.0103969792790    0.00963436785872    0.00947861749312    0.00942350467359
var             0.22265391131020    0.22029364423622    0.1997794346059    0.17055621730986    0.15645613921619    0.15972772790425
std.dev         0.47186217406166    0.46935449740704    0.4469669278659    0.41298452429826    0.39554536935248    0.39965951496775
coef.var        1.41046788871786    1.43288885406745    1.6203977139887    1.89356086108443    2.03771332694903    2.00322448691592
                         NHIN_21
nbr.val      6676.00000000000000
nbr.null     5493.00000000000000
nbr.na       2285.00000000000000
min             0.00000000000000
max             1.00000000000000
range           1.00000000000000
sum          1183.00000000000000
median          0.00000000000000
mean            0.17720191731576
SE.mean         0.00467363948543
CI.mean.0.95    0.00916182635910
var             0.14582324072142
std.dev         0.38186809335347
coef.var        2.15498849638866
