                         R0000100           NA_B18           NA_A18 B18_NOARREST B18_ARREST B18_INCAF Classification          Hispanic
nbr.val          109.000000000000 106.000000000000 109.000000000000          109        109       109             NA 109.0000000000000
nbr.null           0.000000000000   0.000000000000  27.000000000000          109        109         0             NA  88.0000000000000
nbr.na             0.000000000000   3.000000000000   0.000000000000            0          0         0             NA   0.0000000000000
min              370.000000000000   1.000000000000   0.000000000000            0          0         1             NA   0.0000000000000
max             8892.000000000000  17.000000000000  30.000000000000            0          0         1             NA   1.0000000000000
range           8522.000000000000  16.000000000000  30.000000000000            0          0         0             NA   1.0000000000000
sum           585802.000000000000 450.000000000000 473.000000000000            0          0       109             NA  21.0000000000000
median          5519.000000000000   3.000000000000   2.000000000000            0          0         1             NA   0.0000000000000
mean            5374.330275229358   4.245283018868   4.339449541284            0          0         1             NA   0.1926605504587
SE.mean          214.111093014966   0.341712646722   0.546079248474            0          0         0             NA   0.0379500723119
CI.mean.0.95     424.405331056300   0.677553055170   1.082423806111            0          0         0             NA   0.0752236270263
var          4996948.056574923918  12.377358490566  32.504077471967            0          0         0             NA   0.1569826707441
std.dev         2235.385438034104   3.518147025149   5.701234732228            0          0         0             NA   0.3962103869715
coef.var           0.415937488683   0.828719077035   1.313815191993          NaN        NaN         0             NA   2.0565205799951
                         White             Black           Other_R              Male            Sample           PIB16            BMEA97
nbr.val      109.0000000000000 109.0000000000000 109.0000000000000 109.0000000000000 109.0000000000000 95.000000000000   98.000000000000
nbr.null      56.0000000000000  64.0000000000000  98.0000000000000  21.0000000000000   0.0000000000000 84.000000000000    0.000000000000
nbr.na         0.0000000000000   0.0000000000000   0.0000000000000   0.0000000000000   0.0000000000000 14.000000000000   11.000000000000
min            0.0000000000000   0.0000000000000   0.0000000000000   0.0000000000000   1.0000000000000  0.000000000000    1.000000000000
max            1.0000000000000   1.0000000000000   1.0000000000000   1.0000000000000   2.0000000000000  1.000000000000   18.000000000000
range          1.0000000000000   1.0000000000000   1.0000000000000   1.0000000000000   1.0000000000000  1.000000000000   17.000000000000
sum           53.0000000000000  45.0000000000000  11.0000000000000  88.0000000000000 145.0000000000000 11.000000000000 1120.000000000000
median         0.0000000000000   0.0000000000000   0.0000000000000   1.0000000000000   1.0000000000000  0.000000000000   12.000000000000
mean           0.4862385321101   0.4128440366972   0.1009174311927   0.8073394495413   1.3302752293578  0.115789473684   11.428571428571
SE.mean        0.0480942960737   0.0473759430729   0.0289848464997   0.0379500723119   0.0452558060763  0.033002622634    0.272523178484
CI.mean.0.95   0.0953312383757   0.0939073381057   0.0574529941495   0.0752236270263   0.0897048587702  0.065527480883    0.540883071063
var            0.2521236833163   0.2446483180428   0.0915732246007   0.1569826707441   0.2232415902141  0.103471444569    7.278350515464
std.dev        0.5021191923402   0.4946193668295   0.3026106815708   0.3962103869715   0.4724844867443  0.321669775653    2.697841825509
coef.var       1.0326602257562   1.1980780218759   2.9985967537471   0.4907605929534   0.3551779934837  2.778057153370    0.236061159732
                       BFEA97        PHEALTH97             BBPHH             CC1Y             HT97                 HHNW97              GH97
nbr.val       76.000000000000  94.000000000000 109.0000000000000 93.0000000000000 94.0000000000000         87.00000000000 109.0000000000000
nbr.null       0.000000000000   0.000000000000  84.0000000000000 72.0000000000000 82.0000000000000          0.00000000000   0.0000000000000
nbr.na        33.000000000000  15.000000000000   0.0000000000000 16.0000000000000 15.0000000000000         22.00000000000   0.0000000000000
min            3.000000000000   1.000000000000   0.0000000000000  0.0000000000000  0.0000000000000     -40000.00000000000   1.0000000000000
max           16.000000000000   5.000000000000   1.0000000000000  1.0000000000000  1.0000000000000     334000.00000000000   5.0000000000000
range         13.000000000000   4.000000000000   1.0000000000000  1.0000000000000  1.0000000000000     374000.00000000000   4.0000000000000
sum          832.000000000000 268.000000000000  25.0000000000000 21.0000000000000 12.0000000000000    3149436.00000000000 242.0000000000000
median        12.000000000000   3.000000000000   0.0000000000000  0.0000000000000  0.0000000000000       7500.00000000000   2.0000000000000
mean          10.947368421053   2.851063829787   0.2293577981651  0.2258064516129  0.1276595744681      36200.41379310345   2.2201834862385
SE.mean        0.291333736907   0.114152349172   0.0404549130132  0.0435912209479  0.0346041528235       7312.52443601063   0.0969793513663
CI.mean.0.95   0.580366564827   0.226683942097   0.0801886558443  0.0865759274638  0.0687169894608      14536.81746030422   0.1922298987066
var            6.450526315789   1.224891329215   0.1783893985729  0.1767180925666  0.1125600549073 4652152185.57097053528   1.0251444104655
std.dev        2.539788636046   1.106748087514   0.4223616916493  0.4203785110667  0.3354997092508      68206.68724964562   1.0124941532994
coef.var       0.231999923485   0.388187762038   1.8414969755911  1.8616762632952  2.6280810557976          1.88414109406   0.4560407549985
                          GH98             GH99             GH00             GH01              GH02              GH03             GH04
nbr.val      102.0000000000000  96.000000000000  95.000000000000  95.000000000000 100.0000000000000  98.0000000000000  83.000000000000
nbr.null       0.0000000000000   0.000000000000   0.000000000000   0.000000000000   0.0000000000000   0.0000000000000   0.000000000000
nbr.na         7.0000000000000  13.000000000000  14.000000000000  14.000000000000   9.0000000000000  11.0000000000000  26.000000000000
min            1.0000000000000   1.000000000000   1.000000000000   1.000000000000   1.0000000000000   1.0000000000000   1.000000000000
max            5.0000000000000   4.000000000000   5.000000000000   5.000000000000   4.0000000000000   4.0000000000000   5.000000000000
range          4.0000000000000   3.000000000000   4.000000000000   4.000000000000   3.0000000000000   3.0000000000000   4.000000000000
sum          228.0000000000000 201.000000000000 205.000000000000 204.000000000000 218.0000000000000 221.0000000000000 192.000000000000
median         2.0000000000000   2.000000000000   2.000000000000   2.000000000000   2.0000000000000   2.0000000000000   2.000000000000
mean           2.2352941176471   2.093750000000   2.157894736842   2.147368421053   2.1800000000000   2.2551020408163   2.313253012048
SE.mean        0.0967100739221   0.103743658652   0.105095050535   0.107884494092   0.0988622140847   0.0976380263899   0.125885299704
CI.mean.0.95   0.1918467719375   0.205957202446   0.208668686461   0.214207192034   0.1961640810583   0.1937844548126   0.250425962772
var            0.9539895165987   1.033223684211   1.049272116461   1.105711086226   0.9773737373737   0.9342520513360   1.315310020570
std.dev        0.9767238691661   1.016476110989   1.024339844222   1.051527976911   0.9886221408474   0.9665671478671   1.146869661544
coef.var       0.4369554151532   0.485481127636   0.474694074152   0.489682146110   0.4534963948841   0.4286134863845   0.495782197438
                         GH05             GH06             GH07             GH08             GH09             GH10             GH11             GH13
nbr.val       88.000000000000  86.000000000000  87.000000000000  82.000000000000  86.000000000000  93.000000000000  91.000000000000  83.000000000000
nbr.null       0.000000000000   0.000000000000   0.000000000000   0.000000000000   0.000000000000   0.000000000000   0.000000000000   0.000000000000
nbr.na        21.000000000000  23.000000000000  22.000000000000  27.000000000000  23.000000000000  16.000000000000  18.000000000000  26.000000000000
min            1.000000000000   1.000000000000   1.000000000000   1.000000000000   1.000000000000   1.000000000000   1.000000000000   1.000000000000
max            5.000000000000   5.000000000000   5.000000000000   5.000000000000   5.000000000000   5.000000000000   5.000000000000   5.000000000000
range          4.000000000000   4.000000000000   4.000000000000   4.000000000000   4.000000000000   4.000000000000   4.000000000000   4.000000000000
sum          197.000000000000 198.000000000000 210.000000000000 184.000000000000 208.000000000000 241.000000000000 224.000000000000 196.000000000000
median         2.000000000000   2.000000000000   2.000000000000   2.000000000000   3.000000000000   3.000000000000   2.000000000000   2.000000000000
mean           2.238636363636   2.302325581395   2.413793103448   2.243902439024   2.418604651163   2.591397849462   2.461538461538   2.361445783133
SE.mean        0.120944470040   0.118205653805   0.113922229153   0.123388102307   0.124292929099   0.116674907015   0.111934583534   0.123112625502
CI.mean.0.95   0.240390230264   0.235024507943   0.226469896183   0.245503619638   0.247127642055   0.231726436355   0.222377587331   0.244910230529
var            1.287225705329   1.201641586867   1.129109863673   1.248419150858   1.328590971272   1.266012155213   1.140170940171   1.258007640317
std.dev        1.134559696679   1.096194137399   1.062595813879   1.117326787855   1.152645206155   1.125172055826   1.067787872272   1.121609397392
coef.var       0.506808392425   0.476124726345   0.440218265750   0.497939111979   0.476574460237   0.434195025692   0.433788823110   0.474967244814
                         GH15             GH17             GH19             GH21           WW_97           WW_98            WW_99            WW_00
nbr.val       86.000000000000  73.000000000000  74.000000000000  71.000000000000 106.00000000000 107.00000000000  105.00000000000  105.00000000000
nbr.null       0.000000000000   0.000000000000   0.000000000000   0.000000000000  82.00000000000  69.00000000000   49.00000000000   39.00000000000
nbr.na        23.000000000000  36.000000000000  35.000000000000  38.000000000000   3.00000000000   2.00000000000    4.00000000000    4.00000000000
min            1.000000000000   1.000000000000   1.000000000000   1.000000000000   0.00000000000   0.00000000000    0.00000000000    0.00000000000
max            4.000000000000   5.000000000000   5.000000000000   5.000000000000  52.00000000000  52.00000000000   52.00000000000   53.00000000000
range          3.000000000000   4.000000000000   4.000000000000   4.000000000000  52.00000000000  52.00000000000   52.00000000000   53.00000000000
sum          206.000000000000 181.000000000000 195.000000000000 179.000000000000 570.00000000000 908.00000000000 1353.00000000000 1844.00000000000
median         2.000000000000   3.000000000000   3.000000000000   3.000000000000   0.00000000000   0.00000000000    6.00000000000   10.00000000000
mean           2.395348837209   2.479452054795   2.635135135135   2.521126760563   5.37735849057   8.48598130841   12.88571428571   17.56190476190
SE.mean        0.112524895883   0.133888099647   0.143441495187   0.132851644054   1.23263884895   1.53046788583    1.61638328503    1.90073842454
CI.mean.0.95   0.223729639277   0.266901048657   0.285878487640   0.264964249261   2.44409513676   3.03430143967    3.20534871139    3.76923562389
var            1.088919288646   1.308599695586   1.522584228064   1.253118712274 161.05624438455 250.62951860342  274.33296703297  379.34468864469
std.dev        1.043512955667   1.143940424841   1.233930398387   1.119427850410  12.69079368615  15.83128291085   16.56299994062   19.47677305522
coef.var       0.435641331007   0.461368237643   0.468260766567   0.444018868040   2.36004233462   1.86558069544    1.28537693552    1.10903534208
                        WW_01            WW_02            WW_03             WW_04            WW_05             WW_06             WW_07
nbr.val       107.00000000000  108.00000000000  106.00000000000  101.000000000000  101.00000000000  102.000000000000  100.000000000000
nbr.null       42.00000000000   43.00000000000   36.00000000000   34.000000000000   35.00000000000   34.000000000000   31.000000000000
nbr.na          2.00000000000    1.00000000000    3.00000000000    8.000000000000    8.00000000000    7.000000000000    9.000000000000
min             0.00000000000    0.00000000000    0.00000000000    0.000000000000    0.00000000000    0.000000000000    0.000000000000
max            52.00000000000   52.00000000000   52.00000000000   52.000000000000   53.00000000000   52.000000000000   52.000000000000
range          52.00000000000   52.00000000000   52.00000000000   52.000000000000   53.00000000000   52.000000000000   52.000000000000
sum          2005.00000000000 2094.00000000000 2185.00000000000 2233.000000000000 2528.00000000000 2719.000000000000 2768.000000000000
median         12.00000000000   11.00000000000   12.50000000000   21.000000000000   26.00000000000   28.500000000000   30.000000000000
mean           18.73831775701   19.38888888889   20.61320754717   22.108910891089   25.02970297030   26.656862745098   27.680000000000
SE.mean         1.93499254894    1.99179840209    2.01059952951    2.095204377663    2.22383378918    2.286230129241    2.261486058307
CI.mean.0.95    3.83631092906    3.94850802905    3.98664745659    4.156825810769    4.41202289966    4.535265587268    4.487278972670
var           400.62898959619  428.46417445483  428.50610961366  443.378019801980  499.48910891089  533.138516792856  511.431919191919
std.dev        20.01571856307   20.69937618516   20.70038911745   21.056543396341   22.34925298329   23.089792480507   22.614860583075
coef.var        1.06817051683    1.06758960267    1.00422940341    0.952400753708    0.89290923707    0.866185668632    0.817010859215
                         WW_08             WW_09             WW_10             WW_11             WW_12             WW_13             WW_14
nbr.val        97.000000000000   98.000000000000   99.000000000000  101.000000000000   97.000000000000   95.000000000000   94.000000000000
nbr.null       26.000000000000   33.000000000000   35.000000000000   35.000000000000   34.000000000000   28.000000000000   33.000000000000
nbr.na         12.000000000000   11.000000000000   10.000000000000    8.000000000000   12.000000000000   14.000000000000   15.000000000000
min             0.000000000000    0.000000000000    0.000000000000    0.000000000000    0.000000000000    0.000000000000    0.000000000000
max            52.000000000000   52.000000000000   52.000000000000   53.000000000000   52.000000000000   52.000000000000   52.000000000000
range          52.000000000000   52.000000000000   52.000000000000   53.000000000000   52.000000000000   52.000000000000   52.000000000000
sum          2472.000000000000 2313.000000000000 2391.000000000000 2671.000000000000 2658.000000000000 2941.000000000000 2702.000000000000
median         21.000000000000   15.500000000000   21.000000000000   27.000000000000   34.000000000000   46.000000000000   42.500000000000
mean           25.484536082474   23.602040816327   24.151515151515   26.445544554455   27.402061855670   30.957894736842   28.744680851064
SE.mean         2.197561588086    2.284367229902    2.245192928825    2.327556626807    2.372236128898    2.375637630654    2.524052049507
CI.mean.0.95    4.362125275956    4.533836606558    4.455512296345    4.617806055337    4.708851499089    4.716884205043    5.012267139414
var           468.439862542955  511.396696823059  499.048237476809  547.169504950495  545.867912371134  536.147144456887  598.858842370167
std.dev        21.643471591752   22.614081825780   22.339387580612   23.391654600530   23.363816305799   23.154851423771   24.471592558928
coef.var        0.849278618285    0.958140950682    0.924968369084    0.884521570443    0.852629865185    0.747946577782    0.851343338468
                         WW_15             WW_16             WW_17             WW_18             WW_19           WW_20               A97
nbr.val        93.000000000000   91.000000000000   85.000000000000   82.000000000000   72.000000000000  32.00000000000 109.0000000000000
nbr.null       26.000000000000   28.000000000000   24.000000000000   25.000000000000   15.000000000000   8.00000000000  74.0000000000000
nbr.na         16.000000000000   18.000000000000   24.000000000000   27.000000000000   37.000000000000  77.00000000000   0.0000000000000
min             0.000000000000    0.000000000000    0.000000000000    0.000000000000    0.000000000000   0.00000000000   0.0000000000000
max            52.000000000000   53.000000000000   52.000000000000   52.000000000000   52.000000000000  26.00000000000   5.0000000000000
range          52.000000000000   53.000000000000   52.000000000000   52.000000000000   52.000000000000  26.00000000000   5.0000000000000
sum          2888.000000000000 2746.000000000000 2821.000000000000 2568.000000000000 2380.000000000000 264.00000000000  56.0000000000000
median         46.000000000000   46.000000000000   52.000000000000   45.000000000000   41.000000000000   6.00000000000   0.0000000000000
mean           31.053763440860   30.175824175824   33.188235294118   31.317073170732   33.055555555556   8.25000000000   0.5137614678899
SE.mean         2.429624973292    2.521826256802    2.520031463369    2.570527490122    2.424355494826   1.50000000000   0.0880323270434
CI.mean.0.95    4.825444914779    5.010048020468    5.011358929139    5.114543391165    4.834027560208   3.05927016959   0.1744953443392
var           548.986208508649  578.724297924298  539.797478991597  541.824149352605  423.179968701095  72.00000000000   0.8447162759089
std.dev        23.430454722618   24.056689255263   23.233542110311   23.277116431221   20.571338524780   8.48528137424   0.9190844770253
coef.var        0.754512565514    0.797217305983    0.700053555256    0.743272409408    0.622326207472   1.02851895445   1.7889322856386
                          A98              A99              A00              A01              A02              A03              A04              A05
nbr.val      109.000000000000 109.000000000000 109.000000000000 109.000000000000 109.000000000000 109.000000000000 109.000000000000 109.000000000000
nbr.null      64.000000000000  55.000000000000  64.000000000000  68.000000000000  74.000000000000  84.000000000000  87.000000000000  84.000000000000
nbr.na         0.000000000000   0.000000000000   0.000000000000   0.000000000000   0.000000000000   0.000000000000   0.000000000000   0.000000000000
min            0.000000000000   0.000000000000   0.000000000000   0.000000000000   0.000000000000   0.000000000000   0.000000000000   0.000000000000
max            9.000000000000  11.000000000000   8.000000000000  11.000000000000   9.000000000000  10.000000000000   9.000000000000  19.000000000000
range          9.000000000000  11.000000000000   8.000000000000  11.000000000000   9.000000000000  10.000000000000   9.000000000000  19.000000000000
sum           93.000000000000 116.000000000000 103.000000000000 101.000000000000  66.000000000000  45.000000000000  42.000000000000  59.000000000000
median         0.000000000000   0.000000000000   0.000000000000   0.000000000000   0.000000000000   0.000000000000   0.000000000000   0.000000000000
mean           0.853211009174   1.064220183486   0.944954128440   0.926605504587   0.605504587156   0.412844036697   0.385321100917   0.541284403670
SE.mean        0.161134320136   0.154925491150   0.148520202297   0.179053663493   0.120888620431   0.112285593759   0.108199562105   0.190467756790
CI.mean.0.95   0.319396176624   0.307089200445   0.294392806728   0.354915423864   0.239622217852   0.222569526506   0.214470302910   0.377540136933
var            2.830105334692   2.616207951070   2.404349303432   3.494563370710   1.592932381923   1.374277947672   1.276078831125   3.954298335032
std.dev        1.682291691322   1.617469613647   1.550596434741   1.869375128408   1.262114250741   1.172296015379   1.129636592504   1.988541760948
coef.var       1.971718218862   1.519863688685   1.640922440648   2.017444445510   2.084400808042   2.839561459473   2.931675918642   3.673746643106
                           A06               A07               A08               A09               A10               A11               A12
nbr.val      109.0000000000000 109.0000000000000 109.0000000000000 109.0000000000000 109.0000000000000 109.0000000000000 109.0000000000000
nbr.null      87.0000000000000  91.0000000000000  88.0000000000000  96.0000000000000  88.0000000000000  95.0000000000000 102.0000000000000
nbr.na         0.0000000000000   0.0000000000000   0.0000000000000   0.0000000000000   0.0000000000000   0.0000000000000   0.0000000000000
min            0.0000000000000   0.0000000000000   0.0000000000000   0.0000000000000   0.0000000000000   0.0000000000000   0.0000000000000
max            5.0000000000000   9.0000000000000   3.0000000000000   2.0000000000000   4.0000000000000   2.0000000000000   1.0000000000000
range          5.0000000000000   9.0000000000000   3.0000000000000   2.0000000000000   4.0000000000000   2.0000000000000   1.0000000000000
sum           33.0000000000000  32.0000000000000  33.0000000000000  16.0000000000000  31.0000000000000  16.0000000000000   7.0000000000000
median         0.0000000000000   0.0000000000000   0.0000000000000   0.0000000000000   0.0000000000000   0.0000000000000   0.0000000000000
mean           0.3027522935780   0.2935779816514   0.3027522935780   0.1467889908257   0.2844036697248   0.1467889908257   0.0642201834862
SE.mean        0.0719900453202   0.0960507570308   0.0683584861541   0.0408574593758   0.0665796362602   0.0387225686304   0.0235890651690
CI.mean.0.95   0.1426967588958   0.1903892636381   0.1354983786138   0.0809865725700   0.1319723895232   0.0767548487448   0.0467576194741
var            0.5648997621475   1.0056065239551   0.5093442065919   0.1819571865443   0.4831804281346   0.1634386680258   0.0606523955148
std.dev        0.7515981387334   1.0027993438147   0.7136835479342   0.4265643990587   0.6951118098080   0.4042754853139   0.2462770706233
coef.var       2.4825514279375   3.4157852648687   2.3573183856008   2.9059699685877   2.4441028151314   2.7541267437012   3.8348858139910
                           A13               A14               A15               A16               A17                A18               A19 A20
nbr.val      109.0000000000000 109.0000000000000 109.0000000000000 109.0000000000000 109.0000000000000 109.00000000000000 109.0000000000000 109
nbr.null     101.0000000000000 102.0000000000000 105.0000000000000 106.0000000000000 106.0000000000000 108.00000000000000 104.0000000000000 109
nbr.na         0.0000000000000   0.0000000000000   0.0000000000000   0.0000000000000   0.0000000000000   0.00000000000000   0.0000000000000   0
min            0.0000000000000   0.0000000000000   0.0000000000000   0.0000000000000   0.0000000000000   0.00000000000000   0.0000000000000   0
max            3.0000000000000   2.0000000000000   1.0000000000000   2.0000000000000   1.0000000000000   1.00000000000000   2.0000000000000   0
range          3.0000000000000   2.0000000000000   1.0000000000000   2.0000000000000   1.0000000000000   1.00000000000000   2.0000000000000   0
sum           15.0000000000000  10.0000000000000   4.0000000000000   4.0000000000000   3.0000000000000   1.00000000000000   6.0000000000000   0
median         0.0000000000000   0.0000000000000   0.0000000000000   0.0000000000000   0.0000000000000   0.00000000000000   0.0000000000000   0
mean           0.1376146788991   0.0917431192661   0.0366972477064   0.0366972477064   0.0275229357798   0.00917431192661   0.0550458715596   0
SE.mean        0.0512631639579   0.0357941893294   0.0180919871043   0.0222983107586   0.0157425537324   0.00917431192661   0.0255249419481   0
CI.mean.0.95   0.1016124842678   0.0709502929453   0.0358614570984   0.0441991203083   0.0312044725679   0.01818507782851   0.0505948630925   0
var            0.2864424057085   0.1396534148828   0.0356778797146   0.0541963982331   0.0270132517839   0.00917431192661   0.0710159700985   0
std.dev        0.5352031443372   0.3737023078371   0.1888858907239   0.2328011989512   0.1643570861992   0.09578262852212   0.2664882175604   0
coef.var       3.8891428488506   4.0733551554244   5.1471405222274   6.3438326714190   5.9716407985712  10.44030650891055   4.8412026190146 NaN
                           A21              I97              I98              I99              I00              I01              I02              I03
nbr.val      109.0000000000000 109.000000000000 109.000000000000 109.000000000000 109.000000000000 109.000000000000 109.000000000000 109.000000000000
nbr.null     106.0000000000000  94.000000000000  87.000000000000  69.000000000000  67.000000000000  64.000000000000  71.000000000000  85.000000000000
nbr.na         0.0000000000000   0.000000000000   0.000000000000   0.000000000000   0.000000000000   0.000000000000   0.000000000000   0.000000000000
min            0.0000000000000   0.000000000000   0.000000000000   0.000000000000   0.000000000000   0.000000000000   0.000000000000   0.000000000000
max            1.0000000000000  12.000000000000  12.000000000000  12.000000000000  12.000000000000  12.000000000000  12.000000000000  12.000000000000
range          1.0000000000000  12.000000000000  12.000000000000  12.000000000000  12.000000000000  12.000000000000  12.000000000000  12.000000000000
sum            3.0000000000000  77.000000000000 107.000000000000 206.000000000000 218.000000000000 247.000000000000 265.000000000000 205.000000000000
median         0.0000000000000   0.000000000000   0.000000000000   0.000000000000   0.000000000000   0.000000000000   0.000000000000   0.000000000000
mean           0.0275229357798   0.706422018349   0.981651376147   1.889908256881   2.000000000000   2.266055045872   2.431192660550   1.880733944954
SE.mean        0.0157425537324   0.227001144464   0.258061216511   0.334183281708   0.338140665629   0.363713013618   0.400341124606   0.383512737933
CI.mean.0.95   0.0312044725679   0.449955649236   0.511522100439   0.662409239567   0.670253461038   0.720942291127   0.793545561472   0.760188779641
var            0.0270132517839   5.616717635066   7.258919469929  12.172952769283  12.462962962963  14.419300033979  17.469758749575  16.031940197078
std.dev        0.1643570861992   2.369961526073   2.694238198439   3.488975891187   3.530292192293   3.797275343451   4.179684049013   4.003990534089
coef.var       5.9716407985712   3.354880601844   2.744597790933   1.846108602618   1.765146096146   1.675720698122   1.719190797519   2.128951064467
                          I04              I05              I06              I07              I08              I09              I10              I11
nbr.val      109.000000000000 109.000000000000 109.000000000000 109.000000000000 109.000000000000 109.000000000000 109.000000000000 109.000000000000
nbr.null      84.000000000000  82.000000000000  77.000000000000  80.000000000000  81.000000000000  81.000000000000  84.000000000000  85.000000000000
nbr.na         0.000000000000   0.000000000000   0.000000000000   0.000000000000   0.000000000000   0.000000000000   0.000000000000   0.000000000000
min            0.000000000000   0.000000000000   0.000000000000   0.000000000000   0.000000000000   0.000000000000   0.000000000000   0.000000000000
max           12.000000000000  12.000000000000  12.000000000000  12.000000000000  12.000000000000  12.000000000000  12.000000000000  12.000000000000
range         12.000000000000  12.000000000000  12.000000000000  12.000000000000  12.000000000000  12.000000000000  12.000000000000  12.000000000000
sum          207.000000000000 228.000000000000 259.000000000000 257.000000000000 239.000000000000 215.000000000000 184.000000000000 204.000000000000
median         0.000000000000   0.000000000000   0.000000000000   0.000000000000   0.000000000000   0.000000000000   0.000000000000   0.000000000000
mean           1.899082568807   2.091743119266   2.376146788991   2.357798165138   2.192660550459   1.972477064220   1.688073394495   1.871559633028
SE.mean        0.383561505050   0.389625329582   0.407996228743   0.415982707913   0.408555518869   0.380562988446   0.348702085398   0.388437392801
CI.mean.0.95   0.760285444528   0.772304996723   0.808719305903   0.824549893139   0.809827915960   0.754341864425   0.691188027249   0.769950299936
var           16.036017669045  16.547060822290  18.144240570846  18.861535847774  18.194019707781  15.786272511043  13.253652735304  16.446313285763
std.dev        4.004499677743   4.067807864476   4.259605682554   4.342986973015   4.265444842895   3.973194245320   3.640556651847   4.055405440368
coef.var       2.108649588763   1.944697619420   1.792652584550   1.841967237582   1.945328401153   2.014317082511   2.156634103540   2.166858789216
                          I12              I13              I14              I15              I16              I17              I18              I19
nbr.val      109.000000000000 109.000000000000 109.000000000000 109.000000000000 109.000000000000 109.000000000000 109.000000000000 109.000000000000
nbr.null      88.000000000000  92.000000000000  94.000000000000  88.000000000000  91.000000000000  98.000000000000 100.000000000000 106.000000000000
nbr.na         0.000000000000   0.000000000000   0.000000000000   0.000000000000   0.000000000000   0.000000000000   0.000000000000   0.000000000000
min            0.000000000000   0.000000000000   0.000000000000   0.000000000000   0.000000000000   0.000000000000   0.000000000000   0.000000000000
max           12.000000000000  12.000000000000  12.000000000000  12.000000000000  12.000000000000  12.000000000000  12.000000000000  12.000000000000
range         12.000000000000  12.000000000000  12.000000000000  12.000000000000  12.000000000000  12.000000000000  12.000000000000  12.000000000000
sum          172.000000000000 170.000000000000 142.000000000000 186.000000000000 146.000000000000 110.000000000000  64.000000000000  22.000000000000
median         0.000000000000   0.000000000000   0.000000000000   0.000000000000   0.000000000000   0.000000000000   0.000000000000   0.000000000000
mean           1.577981651376   1.559633027523   1.302752293578   1.706422018349   1.339449541284   1.009174311927   0.587155963303   0.201834862385
SE.mean        0.353443710276   0.369457268943   0.341018588550   0.379857877167   0.335168288727   0.309135843768   0.204107918351   0.127563630670
CI.mean.0.95   0.700586750352   0.732328401714   0.675958003538   0.752944211546   0.664361694360   0.612760872257   0.404577303488   0.252853246149
var           13.616547740401  14.878355419640  12.676010873259  15.727828746177  12.244818212708  10.416581719334   4.540944614339   1.773700305810
std.dev        3.690060668932   3.857247129708   3.560338589693   3.965832667445   3.499259666373   3.227472961828   2.130949228475   1.331803403589
coef.var       2.338468679730   2.473176100813   2.732935959694   2.324063229847   2.612460983799   3.198132298539   3.629272904747   6.598480499598
                           I20              I21          NHIN_97          NHIN_02          NHIN_03          NHIN_04          NHIN_05         NHIN_06
nbr.val      109.0000000000000 109.000000000000 94.0000000000000 99.0000000000000 98.0000000000000 81.0000000000000 88.0000000000000 86.000000000000
nbr.null     105.0000000000000 105.000000000000 70.0000000000000 45.0000000000000 33.0000000000000 28.0000000000000 31.0000000000000 29.000000000000
nbr.na         0.0000000000000   0.000000000000 15.0000000000000 10.0000000000000 11.0000000000000 28.0000000000000 21.0000000000000 23.000000000000
min            0.0000000000000   0.000000000000  0.0000000000000  0.0000000000000  0.0000000000000  0.0000000000000  0.0000000000000  0.000000000000
max            8.0000000000000   9.000000000000  1.0000000000000  1.0000000000000  1.0000000000000  1.0000000000000  1.0000000000000  1.000000000000
range          8.0000000000000   9.000000000000  1.0000000000000  1.0000000000000  1.0000000000000  1.0000000000000  1.0000000000000  1.000000000000
sum           19.0000000000000  29.000000000000 24.0000000000000 54.0000000000000 65.0000000000000 53.0000000000000 57.0000000000000 57.000000000000
median         0.0000000000000   0.000000000000  0.0000000000000  1.0000000000000  1.0000000000000  1.0000000000000  1.0000000000000  1.000000000000
mean           0.1743119266055   0.266055045872  0.2553191489362  0.5454545454545  0.6632653061224  0.6543209876543  0.6477272727273  0.662790697674
SE.mean        0.0974043321629   0.135859230526  0.0452152892025  0.0502984850157  0.0479845808371  0.0531724826355  0.0512124999213  0.051277697107
CI.mean.0.95   0.1930722843726   0.269296564210  0.0897886033344  0.0998157065247  0.0952361101585  0.1058166127101  0.1017903889645  0.101953799527
var            1.0341488277268   2.011892626572  0.1921757035003  0.2504638218924  0.2256469598149  0.2290123456790  0.2307993730408  0.226128590971
std.dev        1.0169310830763   1.418412008752  0.4383784934282  0.5004636069610  0.4750231150322  0.4785523437191  0.4804158334618  0.475529800298
coef.var       5.8339730555432   5.331272722550  1.7169824325936  0.9175166127618  0.7161886965100  0.7313724498348  0.7416946200813  0.717466014484
                      NHIN_07          NHIN_08          NHIN_09          NHIN_10          NHIN_11          NHIN_13          NHIN_15          NHIN_17
nbr.val      87.0000000000000 81.0000000000000 86.0000000000000 93.0000000000000 90.0000000000000 83.0000000000000 85.0000000000000 73.0000000000000
nbr.null     35.0000000000000 29.0000000000000 30.0000000000000 33.0000000000000 31.0000000000000 38.0000000000000 42.0000000000000 38.0000000000000
nbr.na       22.0000000000000 28.0000000000000 23.0000000000000 16.0000000000000 19.0000000000000 26.0000000000000 24.0000000000000 36.0000000000000
min           0.0000000000000  0.0000000000000  0.0000000000000  0.0000000000000  0.0000000000000  0.0000000000000  0.0000000000000  0.0000000000000
max           1.0000000000000  1.0000000000000  1.0000000000000  1.0000000000000  1.0000000000000  1.0000000000000  1.0000000000000  1.0000000000000
range         1.0000000000000  1.0000000000000  1.0000000000000  1.0000000000000  1.0000000000000  1.0000000000000  1.0000000000000  1.0000000000000
sum          52.0000000000000 52.0000000000000 56.0000000000000 60.0000000000000 59.0000000000000 45.0000000000000 43.0000000000000 35.0000000000000
median        1.0000000000000  1.0000000000000  1.0000000000000  1.0000000000000  1.0000000000000  1.0000000000000  1.0000000000000  0.0000000000000
mean          0.5977011494253  0.6419753086420  0.6511627906977  0.6451612903226  0.6555555555556  0.5421686746988  0.5058823529412  0.4794520547945
SE.mean       0.0528770497322  0.0536007243113  0.0516947842071  0.0498833639377  0.0503696971877  0.0550190435849  0.0545506970323  0.0588757851974
CI.mean.0.95  0.1051160958877  0.1066688408047  0.1027830804229  0.0990726665601  0.1000835154126  0.1094504043994  0.1084800434587  0.1173667327496
var           0.2432504677894  0.2327160493827  0.2298221614227  0.2314165497896  0.2283395755306  0.2512488980311  0.2529411764706  0.2530441400304
std.dev       0.4932042860614  0.4824065188021  0.4793977069435  0.4810577405984  0.4778489044987  0.5012473421687  0.5029325764659  0.5030349292350
coef.var      0.8251687093720  0.7514409235186  0.7362179070918  0.7456394979275  0.7289220577098  0.9245228755555  0.9941690465023  1.0491871381187
                      NHIN_19          NHIN_21
nbr.val      74.0000000000000 71.0000000000000
nbr.null     42.0000000000000 45.0000000000000
nbr.na       35.0000000000000 38.0000000000000
min           0.0000000000000  0.0000000000000
max           1.0000000000000  1.0000000000000
range         1.0000000000000  1.0000000000000
sum          32.0000000000000 26.0000000000000
median        0.0000000000000  0.0000000000000
mean          0.4324324324324  0.3661971830986
SE.mean       0.0579837747514  0.0575818431439
CI.mean.0.95  0.1155614964278  0.1148433649303
var           0.2487967419474  0.2354124748491
std.dev       0.4987952906227  0.4851932345459
coef.var      1.1534641095651  1.3249507558753
