                         R0000100             NA_B18            NA_A18 B18_NOARREST B18_ARREST B18_INCAF Classification           Hispanic
nbr.val         1317.000000000000 1317.0000000000000 1317.000000000000         1317       1317      1317             NA 1315.0000000000000
nbr.null           0.000000000000    0.0000000000000  632.000000000000         1317          0      1317             NA 1047.0000000000000
nbr.na             0.000000000000    0.0000000000000    0.000000000000            0          0         0             NA    2.0000000000000
min               18.000000000000    1.0000000000000    0.000000000000            0          1         0             NA    0.0000000000000
max             9021.000000000000   17.0000000000000   55.000000000000            0          1         0             NA    1.0000000000000
range           9003.000000000000   16.0000000000000   55.000000000000            0          0         0             NA    1.0000000000000
sum          6081396.000000000000 2296.0000000000000 2555.000000000000            0       1317         0             NA  268.0000000000000
median          4632.000000000000    1.0000000000000    1.000000000000            0          1         0             NA    0.0000000000000
mean            4617.612756264237    1.7433561123766    1.940015186029            0          1         0             NA    0.2038022813688
SE.mean           70.839471145306    0.0411109687591    0.102294680169            0          0         0             NA    0.0111126414597
CI.mean.0.95     138.970625561283    0.0806501933670    0.200678456020            0          0         0             NA    0.0218004577694
var          6609009.795217093080    2.2258771777989   13.781353495210            0          0         0             NA    0.1623904022779
std.dev         2570.799446712460    1.4919373907101    3.712324540663            0          0         0             NA    0.4029769252425
coef.var           0.556737773912    0.8557846444099    1.913554371841          NaN          0       NaN             NA    1.9772934951264
                          White              Black             Other_R               Male             Sample               PIB16              BMEA97
nbr.val      1308.0000000000000 1308.0000000000000 1308.00000000000000 1317.0000000000000 1317.0000000000000 1139.00000000000000  1201.0000000000000
nbr.null      567.0000000000000  924.0000000000000 1125.00000000000000  437.0000000000000    0.0000000000000 1016.00000000000000     0.0000000000000
nbr.na          9.0000000000000    9.0000000000000    9.00000000000000    0.0000000000000    0.0000000000000  178.00000000000000   116.0000000000000
min             0.0000000000000    0.0000000000000    0.00000000000000    0.0000000000000    1.0000000000000    0.00000000000000     2.0000000000000
max             1.0000000000000    1.0000000000000    1.00000000000000    1.0000000000000    2.0000000000000    1.00000000000000    20.0000000000000
range           1.0000000000000    1.0000000000000    1.00000000000000    1.0000000000000    1.0000000000000    1.00000000000000    18.0000000000000
sum           741.0000000000000  384.0000000000000  183.00000000000000  880.0000000000000 1643.0000000000000  123.00000000000000 14585.0000000000000
median          1.0000000000000    0.0000000000000    0.00000000000000    1.0000000000000    1.0000000000000    0.00000000000000    12.0000000000000
mean            0.5665137614679    0.2935779816514    0.13990825688073    0.6681852695520    1.2475322703113    0.10798946444249    12.1440466278102
SE.mean         0.0137074002971    0.0125966789305    0.00959524941983    0.0129798099911    0.0118968478580    0.00920035435303     0.0789453093882
CI.mean.0.95    0.0268909131942    0.0247119214667    0.01882377501445    0.0254633791722    0.0233388584401    0.01805156227456     0.1548861844095
var             0.2457638123583    0.2075486266610    0.12042600534876    0.2218821905731    0.1864015804548    0.09641238653214     7.4850666111574
std.dev         0.4957457134039    0.4555750505251    0.34702450251928    0.4710437246935    0.4317424932234    0.31050344045137     2.7358849776914
coef.var        0.8750815022028    1.5518025158512    2.48037185407227    0.7049597561606    0.3460772145924    2.87531234694400     0.2252861061507
                          BFEA97          PHEALTH97              BBPHH               CC1Y                HT97                 HHNW97
nbr.val       1005.0000000000000 1165.0000000000000 1317.0000000000000 1141.0000000000000 1150.00000000000000        1009.0000000000
nbr.null         0.0000000000000    0.0000000000000  825.0000000000000  808.0000000000000 1078.00000000000000           0.0000000000
nbr.na         312.0000000000000  152.0000000000000    0.0000000000000  176.0000000000000  167.00000000000000         308.0000000000
min              2.0000000000000    1.0000000000000    0.0000000000000    0.0000000000000    0.00000000000000     -313250.0000000000
max             20.0000000000000    5.0000000000000    1.0000000000000    1.0000000000000    1.00000000000000      600000.0000000000
range           18.0000000000000    4.0000000000000    1.0000000000000    1.0000000000000    1.00000000000000      913250.0000000000
sum          12148.0000000000000 2833.0000000000000  492.0000000000000  333.0000000000000   72.00000000000000    71617161.0000000000
median          12.0000000000000    2.0000000000000    0.0000000000000    0.0000000000000    0.00000000000000       22980.0000000000
mean            12.0875621890547    2.4317596566524    0.3735763097950    0.2918492550394    0.06260869565217       70978.3557978196
SE.mean          0.0931133197386    0.0331457736572    0.0133350855453    0.0134644843867    0.00714690112698        3860.7494126269
CI.mean.0.95     0.1827190241357    0.0650321439141    0.0261603474755    0.0264179525138    0.01402243987871        7576.0265927103
var              8.7134407643060    1.2799182927009    0.2341948750614    0.2068545597122    0.05873992507663 15039534501.3425292969
std.dev          2.9518537843711    1.1313347394564    0.4839368502826    0.4548126644149    0.24236320899969      122635.7798578479
coef.var         0.2442058818977    0.4652329585128    1.2954163248418    1.5583821324246    3.87107903263390           1.7277912186
                           GH97               GH98               GH99               GH00               GH01               GH02               GH03
nbr.val      1316.0000000000000 1239.0000000000000 1203.0000000000000 1208.0000000000000 1171.0000000000000 1181.0000000000000 1160.0000000000000
nbr.null        0.0000000000000    0.0000000000000    0.0000000000000    0.0000000000000    0.0000000000000    0.0000000000000    0.0000000000000
nbr.na          1.0000000000000   78.0000000000000  114.0000000000000  109.0000000000000  146.0000000000000  136.0000000000000  157.0000000000000
min             1.0000000000000    1.0000000000000    1.0000000000000    1.0000000000000    1.0000000000000    1.0000000000000    1.0000000000000
max             5.0000000000000    5.0000000000000    5.0000000000000    5.0000000000000    5.0000000000000    5.0000000000000    5.0000000000000
range           4.0000000000000    4.0000000000000    4.0000000000000    4.0000000000000    4.0000000000000    4.0000000000000    4.0000000000000
sum          2699.0000000000000 2562.0000000000000 2564.0000000000000 2640.0000000000000 2574.0000000000000 2622.0000000000000 2592.0000000000000
median          2.0000000000000    2.0000000000000    2.0000000000000    2.0000000000000    2.0000000000000    2.0000000000000    2.0000000000000
mean            2.0509118541033    2.0677966101695    2.1313383208645    2.1854304635762    2.1981212638770    2.2201524132091    2.2344827586207
SE.mean         0.0257739190948    0.0279969915602    0.0277964831233    0.0281142499729    0.0290729851790    0.0280536854219    0.0286327833265
CI.mean.0.95    0.0505624916345    0.0549267949187    0.0545350193936    0.0551582284342    0.0570410117338    0.0550406690820    0.0561778906300
var             0.8742120956464    0.9711672736234    0.9294913022491    0.9548165502560    0.9897742451116    0.9294579428522    0.9510100859838
std.dev         0.9349930992507    0.9854781954074    0.9641012925254    0.9771471487222    0.9948739845385    0.9640839915963    0.9751974599966
coef.var        0.4558914111204    0.4765837174511    0.4523454972340    0.4471188468396    0.4526019564470    0.4342422555588    0.4364309620355
                           GH04               GH05               GH06               GH07               GH08               GH09               GH10
nbr.val      1099.0000000000000 1103.0000000000000 1137.0000000000000 1106.0000000000000 1117.0000000000000 1124.0000000000000 1122.0000000000000
nbr.null        0.0000000000000    0.0000000000000    0.0000000000000    0.0000000000000    0.0000000000000    0.0000000000000    0.0000000000000
nbr.na        218.0000000000000  214.0000000000000  180.0000000000000  211.0000000000000  200.0000000000000  193.0000000000000  195.0000000000000
min             1.0000000000000    1.0000000000000    1.0000000000000    1.0000000000000    1.0000000000000    1.0000000000000    1.0000000000000
max             5.0000000000000    5.0000000000000    5.0000000000000    5.0000000000000    5.0000000000000    5.0000000000000    5.0000000000000
range           4.0000000000000    4.0000000000000    4.0000000000000    4.0000000000000    4.0000000000000    4.0000000000000    4.0000000000000
sum          2454.0000000000000 2484.0000000000000 2592.0000000000000 2533.0000000000000 2661.0000000000000 2688.0000000000000 2738.0000000000000
median          2.0000000000000    2.0000000000000    2.0000000000000    2.0000000000000    2.0000000000000    2.0000000000000    2.0000000000000
mean            2.2329390354868    2.2520398912058    2.2796833773087    2.2902350813743    2.3822739480752    2.3914590747331    2.4402852049911
SE.mean         0.0289933013597    0.0290806314085    0.0286886181944    0.0296145522857    0.0297024352481    0.0296511205068    0.0299006289057
CI.mean.0.95    0.0568885355343    0.0570596596178    0.0562886307160    0.0581071024655    0.0582789089081    0.0581778309518    0.0586674989884
var             0.9238320645860    0.9327884847956    0.9357928574083    0.9699860080352    0.9854561148494    0.9882083767742    1.0031214172475
std.dev         0.9611618305915    0.9658097560056    0.9673638702207    0.9848786768101    0.9927014228102    0.9940867048574    1.0015594926151
coef.var        0.4304469648818    0.4288599681458    0.4243413273306    0.4300338794125    0.4167033029985    0.4156820893823    0.4104272281644
                           GH11               GH13               GH15               GH17               GH19               GH21              WW_97
nbr.val      1115.0000000000000 1073.0000000000000 1058.0000000000000  987.0000000000000 1011.0000000000000  989.0000000000000  1301.000000000000
nbr.null        0.0000000000000    0.0000000000000    0.0000000000000    0.0000000000000    0.0000000000000    0.0000000000000   912.000000000000
nbr.na        202.0000000000000  244.0000000000000  259.0000000000000  330.0000000000000  306.0000000000000  328.0000000000000    16.000000000000
min             1.0000000000000    1.0000000000000    1.0000000000000    1.0000000000000    1.0000000000000    1.0000000000000     0.000000000000
max             5.0000000000000    5.0000000000000    5.0000000000000    5.0000000000000    5.0000000000000    5.0000000000000    52.000000000000
range           4.0000000000000    4.0000000000000    4.0000000000000    4.0000000000000    4.0000000000000    4.0000000000000    52.000000000000
sum          2720.0000000000000 2597.0000000000000 2600.0000000000000 2422.0000000000000 2510.0000000000000 2516.0000000000000 10042.000000000000
median          2.0000000000000    2.0000000000000    2.0000000000000    2.0000000000000    2.0000000000000    3.0000000000000     0.000000000000
mean            2.4394618834081    2.4203168685927    2.4574669187146    2.4539007092199    2.4826904055391    2.5439838220425     7.718677940046
SE.mean         0.0304364623628    0.0306054456476    0.0316267353491    0.0317762719742    0.0312385491488    0.0323301598288     0.411397541515
CI.mean.0.95    0.0597192539998    0.0600533744353    0.0620583234621    0.0623568932382    0.0612998903575    0.0634436698839     0.807075780375
var             1.0329117388959    1.0050719144260    1.0582649113928    0.9966049515918    0.9865812694029    1.0337416029769   220.191566250813
std.dev         1.0163226549162    1.0025327498022    1.0287200354775    0.9983010325507    0.9932679746186    1.0167308409687    14.838853266031
coef.var        0.4166175589087    0.4142154950088    0.4186099221289    0.4068220970799    0.4000772598962    0.3996608909849     1.922460475912
                          WW_98              WW_99              WW_00              WW_01              WW_02              WW_03              WW_04
nbr.val       1295.000000000000  1276.000000000000  1258.000000000000  1255.000000000000  1265.000000000000  1253.000000000000  1251.000000000000
nbr.null       638.000000000000   407.000000000000   262.000000000000   233.000000000000   228.000000000000   229.000000000000   244.000000000000
nbr.na          22.000000000000    41.000000000000    59.000000000000    62.000000000000    52.000000000000    64.000000000000    66.000000000000
min              0.000000000000     0.000000000000     0.000000000000     0.000000000000     0.000000000000     0.000000000000     0.000000000000
max             52.000000000000    52.000000000000    53.000000000000    52.000000000000    52.000000000000    52.000000000000    52.000000000000
range           52.000000000000    52.000000000000    53.000000000000    52.000000000000    52.000000000000    52.000000000000    52.000000000000
sum          17280.000000000000 24350.000000000000 31876.000000000000 34870.000000000000 37587.000000000000 38572.000000000000 39582.000000000000
median           2.000000000000    12.000000000000    24.000000000000    30.000000000000    33.000000000000    37.000000000000    40.000000000000
mean            13.343629343629    19.083072100313    25.338632750397    27.784860557769    29.713043478261    30.783719074222    31.640287769784
SE.mean          0.492071664930     0.544471481707     0.564231284094     0.562517649225     0.571458912939     0.583436908842     0.593858323770
CI.mean.0.95     0.965345678882     1.068158487068     1.106938848993     1.103579493805     1.121112410563     1.144621867592     1.165069034444
var            313.564207837778   378.269172044994   400.493032974010   397.114762640030   413.105090809026   426.519479128685   441.187303597122
std.dev         17.707744289936    19.449143221361    20.012322028541    19.927738522974    20.324986858766    20.652348029430    21.004459136029
coef.var         1.327056068025     1.019183028766     0.789794864848     0.717215711108     0.684042577922     0.670885411202     0.663851709847
                          WW_05              WW_06              WW_07              WW_08              WW_09              WW_10              WW_11
nbr.val       1244.000000000000  1231.000000000000  1225.000000000000  1214.000000000000  1219.000000000000  1208.000000000000  1194.000000000000
nbr.null       216.000000000000   192.000000000000   199.000000000000   195.000000000000   251.000000000000   277.000000000000   264.000000000000
nbr.na          73.000000000000    86.000000000000    92.000000000000   103.000000000000    98.000000000000   109.000000000000   123.000000000000
min              0.000000000000     0.000000000000     0.000000000000     0.000000000000     0.000000000000     0.000000000000     0.000000000000
max             53.000000000000    52.000000000000    52.000000000000    52.000000000000    52.000000000000    52.000000000000    53.000000000000
range           53.000000000000    52.000000000000    52.000000000000    52.000000000000    52.000000000000    52.000000000000    53.000000000000
sum          41979.000000000000 43027.000000000000 44700.000000000000 43941.000000000000 40960.000000000000 40314.000000000000 40736.000000000000
median          44.000000000000    46.000000000000    49.000000000000    50.000000000000    47.000000000000    48.000000000000    48.000000000000
mean            33.745176848875    34.952883834281    36.489795918367    36.195222405272    33.601312551272    33.372516556291    34.117252931323
SE.mean          0.599814097004     0.578408155237     0.576178972064     0.580405050852     0.620190843966     0.636123217846     0.642877413855
CI.mean.0.95     1.176759872057     1.134775794323     1.130407829998     1.138709211896     1.216760830315     1.248030084248     1.261296210255
var            447.562527000075   411.838428668608   406.678204615179   408.960207988418   468.872116502396   488.820519925161   493.469894878135
std.dev         21.155673636169    20.293802715820    20.166264022252    20.222764598057    21.653455070782    22.109285830283    22.214182291458
coef.var         0.626924367026     0.580604530717     0.552654886516     0.558713643796     0.644422893830     0.662499808577     0.651112864690
                          WW_12              WW_13              WW_14              WW_15              WW_16              WW_17              WW_18
nbr.val       1165.000000000000  1158.000000000000  1155.000000000000  1130.000000000000  1103.000000000000  1079.000000000000  1061.000000000000
nbr.null       297.000000000000   264.000000000000   267.000000000000   229.000000000000   232.000000000000   209.000000000000   193.000000000000
nbr.na         152.000000000000   159.000000000000   162.000000000000   187.000000000000   214.000000000000   238.000000000000   256.000000000000
min              0.000000000000     0.000000000000     0.000000000000     0.000000000000     0.000000000000     0.000000000000     0.000000000000
max             52.000000000000    52.000000000000    52.000000000000    52.000000000000    53.000000000000    52.000000000000    52.000000000000
range           52.000000000000    52.000000000000    52.000000000000    52.000000000000    53.000000000000    52.000000000000    52.000000000000
sum          39595.000000000000 40523.000000000000 40863.000000000000 41423.000000000000 41900.000000000000 41368.000000000000 39217.000000000000
median          52.000000000000    52.000000000000    52.000000000000    52.000000000000    53.000000000000    52.000000000000    52.000000000000
mean            33.987124463519    34.993955094991    35.379220779221    36.657522123894    37.987307343608    38.339202965709    36.962299717248
SE.mean          0.664490352992     0.648561301173     0.657406350444     0.633747151760     0.665236674457     0.639547608738     0.652188869098
CI.mean.0.95     1.303732799007     1.272487947396     1.289845591001     1.243454635955     1.305273523007     1.254899237142     1.279727927552
var            514.402755040337   487.091579676461   499.171491593329   453.848061170901   488.121435846471   441.333814206448   451.296690555368
std.dev         22.680448739836    22.070151328807    22.342146082982    21.303710033018    22.093470434644    21.007946453817    21.243744739461
coef.var         0.667324732464     0.630684678794     0.631504753098     0.581155211774     0.581601381609     0.547949483264     0.574740881979
                          WW_19             WW_20                A97                A98                A99                A00                A01
nbr.val       1000.000000000000  312.000000000000 1317.0000000000000 1317.0000000000000 1317.0000000000000 1317.0000000000000 1317.0000000000000
nbr.null       161.000000000000   72.000000000000 1035.0000000000000  966.0000000000000  973.0000000000000 1023.0000000000000 1074.0000000000000
nbr.na         317.000000000000 1005.000000000000    0.0000000000000    0.0000000000000    0.0000000000000    0.0000000000000    0.0000000000000
min              0.000000000000    0.000000000000    0.0000000000000    0.0000000000000    0.0000000000000    0.0000000000000    0.0000000000000
max             52.000000000000   28.000000000000    9.0000000000000    9.0000000000000    8.0000000000000   11.0000000000000   11.0000000000000
range           52.000000000000   28.000000000000    9.0000000000000    9.0000000000000    8.0000000000000   11.0000000000000   11.0000000000000
sum          35574.000000000000 1993.000000000000  356.0000000000000  511.0000000000000  514.0000000000000  421.0000000000000  347.0000000000000
median          42.500000000000    5.000000000000    0.0000000000000    0.0000000000000    0.0000000000000    0.0000000000000    0.0000000000000
mean            35.574000000000    6.387820512821    0.2703113135915    0.3880030372058    0.3902809415338    0.3196659073652    0.2634776006074
SE.mean          0.581570931829    0.363400999561    0.0170826540258    0.0235439835302    0.0229566558978    0.0219680516937    0.0204324491194
CI.mean.0.95     1.141240752119    0.715035486602    0.0335122083471    0.0461878394417    0.0450356387383    0.0430962263957    0.0400837300162
var            338.224748748749   41.202809382472    0.3843230793020    0.7300383343373    0.6940696018629    0.6355780037988    0.5498277147334
std.dev         18.390887655270    6.418941453423    0.6199379640754    0.8544228077113    0.8331083974267    0.7972314618722    0.7415036849089
coef.var         0.516975534246    1.004871918449    2.2934221873240    2.2021034006963    2.1346376642238    2.4939521028162    2.8142949654899
                            A02                A03                A04                A05                A06                A07                A08
nbr.val      1317.0000000000000 1317.0000000000000 1317.0000000000000 1317.0000000000000 1317.0000000000000 1317.0000000000000 1317.0000000000000
nbr.null     1111.0000000000000 1144.0000000000000 1196.0000000000000 1202.0000000000000 1204.0000000000000 1225.0000000000000 1229.0000000000000
nbr.na          0.0000000000000    0.0000000000000    0.0000000000000    0.0000000000000    0.0000000000000    0.0000000000000    0.0000000000000
min             0.0000000000000    0.0000000000000    0.0000000000000    0.0000000000000    0.0000000000000    0.0000000000000    0.0000000000000
max            11.0000000000000   30.0000000000000   12.0000000000000   13.0000000000000   10.0000000000000   11.0000000000000   13.0000000000000
range          11.0000000000000   30.0000000000000   12.0000000000000   13.0000000000000   10.0000000000000   11.0000000000000   13.0000000000000
sum           290.0000000000000  297.0000000000000  213.0000000000000  188.0000000000000  183.0000000000000  136.0000000000000  129.0000000000000
median          0.0000000000000    0.0000000000000    0.0000000000000    0.0000000000000    0.0000000000000    0.0000000000000    0.0000000000000
mean            0.2201974183751    0.2255125284738    0.1617312072893    0.1427486712225    0.1389521640091    0.1032649962035    0.0979498861048
SE.mean         0.0179131642216    0.0294973579739    0.0203046664862    0.0180578534752    0.0160698011655    0.0144911744939    0.0145786742456
CI.mean.0.95    0.0351414768830    0.0578669804244    0.0398330501031    0.0354253236673    0.0315252257606    0.0284283260728    0.0285999803077
var             0.4226008728505    1.1459139658384    0.5429720766317    0.4294553569986    0.3401001170109    0.2765622800276    0.2799122072131
std.dev         0.6500775898695    1.0704737109515    0.7368663899458    0.6553284344499    0.5831810327942    0.5258918900569    0.5290672993232
coef.var        2.9522489167520    4.7468480717952    4.5561175378339    4.5907848306945    4.1969913671581    5.0926442588597    5.4014080093693
                            A09                A10                 A11                 A12                 A13                 A14                A15
nbr.val      1317.0000000000000 1317.0000000000000 1317.00000000000000 1317.00000000000000 1317.00000000000000 1317.00000000000000 1317.0000000000000
nbr.null     1220.0000000000000 1231.0000000000000 1240.00000000000000 1268.00000000000000 1256.00000000000000 1280.00000000000000 1268.0000000000000
nbr.na          0.0000000000000    0.0000000000000    0.00000000000000    0.00000000000000    0.00000000000000    0.00000000000000    0.0000000000000
min             0.0000000000000    0.0000000000000    0.00000000000000    0.00000000000000    0.00000000000000    0.00000000000000    0.0000000000000
max             7.0000000000000    6.0000000000000    6.00000000000000    4.00000000000000    4.00000000000000    9.00000000000000    8.0000000000000
range           7.0000000000000    6.0000000000000    6.00000000000000    4.00000000000000    4.00000000000000    9.00000000000000    8.0000000000000
sum           155.0000000000000  118.0000000000000  100.00000000000000   62.00000000000000   73.00000000000000   52.00000000000000   70.0000000000000
median          0.0000000000000    0.0000000000000    0.00000000000000    0.00000000000000    0.00000000000000    0.00000000000000    0.0000000000000
mean            0.1176917236143    0.0895975702354    0.07593014426727    0.04707668944571    0.05542900531511    0.03948367501898    0.0531511009871
SE.mean         0.0143471584934    0.0107804908384    0.00979862065446    0.00748422502999    0.00763203319813    0.00885653290791    0.0094348102623
CI.mean.0.95    0.0281458000550    0.0211488246799    0.01922262292436    0.01468231506310    0.01497228043492    0.01737446509152    0.0185089112469
var             0.2710925401518    0.1530604002373    0.12644907718334    0.07376994320241    0.07671252478115    0.10330307667098    0.1172336040508
std.dev         0.5206654781641    0.3912293448059    0.35559679017581    0.27160622820990    0.27697025974128    0.32140795987496    0.3423939310952
coef.var        4.4239769983360    4.3665173483845    4.68320972661540    5.76944197665213    4.99684701478448    8.14027467606383    6.4418972464629
                            A16                A17                 A18                 A19                 A20                 A21  I97
nbr.val      1317.0000000000000 1317.0000000000000 1317.00000000000000 1317.00000000000000 1317.00000000000000 1317.00000000000000 1317
nbr.null     1284.0000000000000 1280.0000000000000 1286.00000000000000 1297.00000000000000 1305.00000000000000 1299.00000000000000 1317
nbr.na          0.0000000000000    0.0000000000000    0.00000000000000    0.00000000000000    0.00000000000000    0.00000000000000    0
min             0.0000000000000    0.0000000000000    0.00000000000000    0.00000000000000    0.00000000000000    0.00000000000000    0
max            15.0000000000000    9.0000000000000    8.00000000000000    8.00000000000000    1.00000000000000    3.00000000000000    0
range          15.0000000000000    9.0000000000000    8.00000000000000    8.00000000000000    1.00000000000000    3.00000000000000    0
sum            61.0000000000000   57.0000000000000   45.00000000000000   36.00000000000000   12.00000000000000   24.00000000000000    0
median          0.0000000000000    0.0000000000000    0.00000000000000    0.00000000000000    0.00000000000000    0.00000000000000    0
mean            0.0463173880030    0.0432801822323    0.03416856492027    0.02733485193622    0.00911161731207    0.01822323462415    0
SE.mean         0.0140097418994    0.0109162613756    0.00816205440998    0.00814625863831    0.00261928140190    0.00465540250117    0
CI.mean.0.95    0.0274838668929    0.0214151750095    0.01601205922181    0.01598107157840    0.00513842310026    0.00913282083232    0
var             0.2584913672734    0.1569399921070    0.08773739709619    0.08739813474947    0.00903545637709    0.02854304131385    0
std.dev         0.5084204630750    0.3961565247563    0.29620499168007    0.29563175531303    0.09505501763239    0.16894685943765    0
coef.var       10.9768811454065    9.1533007562104    8.66893275650343   10.81519504853513   10.43228818515457    9.27095891164109  NaN
                             I98                I99                I00                I01                I02                I03                I04
nbr.val      1317.00000000000000 1317.0000000000000 1317.0000000000000 1317.0000000000000 1317.0000000000000 1317.0000000000000 1317.0000000000000
nbr.null     1314.00000000000000 1300.0000000000000 1291.0000000000000 1283.0000000000000 1268.0000000000000 1271.0000000000000 1257.0000000000000
nbr.na          0.00000000000000    0.0000000000000    0.0000000000000    0.0000000000000    0.0000000000000    0.0000000000000    0.0000000000000
min             0.00000000000000    0.0000000000000    0.0000000000000    0.0000000000000    0.0000000000000    0.0000000000000    0.0000000000000
max            11.00000000000000   12.0000000000000   12.0000000000000   12.0000000000000   12.0000000000000   12.0000000000000   12.0000000000000
range          11.00000000000000   12.0000000000000   12.0000000000000   12.0000000000000   12.0000000000000   12.0000000000000   12.0000000000000
sum            20.00000000000000   87.0000000000000  158.0000000000000  192.0000000000000  297.0000000000000  352.0000000000000  411.0000000000000
median          0.00000000000000    0.0000000000000    0.0000000000000    0.0000000000000    0.0000000000000    0.0000000000000    0.0000000000000
mean            0.01518602885345    0.0660592255125    0.1199696279423    0.1457858769932    0.2255125284738    0.2672741078208    0.3120728929385
SE.mean         0.00977767384318    0.0187797417378    0.0281052852659    0.0299244585578    0.0395280440145    0.0446411397715    0.0474286972363
CI.mean.0.95    0.01918153013501    0.0368415011431    0.0551360563798    0.0587048527908    0.0775448618560    0.0875755707872    0.0930441125254
var             0.12590902691712    0.4644778475535    1.0403075978610    1.1793382307122    2.0577680691818    2.6245589012516    2.9625669004577
std.dev         0.35483662003395    0.6815261165601    1.0199547038281    1.0859734023963    1.4344922687773    1.6200490428538    1.7212108820414
coef.var       23.36599142923588   10.3168953506858    8.5017743350733    7.4490988070623    6.3610313736690    6.0613766745411    5.5154129723808
                            I05                I06               I07                I08                I09                I10                I11
nbr.val      1317.0000000000000 1317.0000000000000 1317.000000000000 1317.0000000000000 1317.0000000000000 1317.0000000000000 1317.0000000000000
nbr.null     1251.0000000000000 1234.0000000000000 1233.000000000000 1236.0000000000000 1229.0000000000000 1222.0000000000000 1237.0000000000000
nbr.na          0.0000000000000    0.0000000000000    0.000000000000    0.0000000000000    0.0000000000000    0.0000000000000    0.0000000000000
min             0.0000000000000    0.0000000000000    0.000000000000    0.0000000000000    0.0000000000000    0.0000000000000    0.0000000000000
max            12.0000000000000   12.0000000000000   12.000000000000   12.0000000000000   12.0000000000000   12.0000000000000   12.0000000000000
range          12.0000000000000   12.0000000000000   12.000000000000   12.0000000000000   12.0000000000000   12.0000000000000   12.0000000000000
sum           520.0000000000000  595.0000000000000  649.000000000000  651.0000000000000  675.0000000000000  733.0000000000000  613.0000000000000
median          0.0000000000000    0.0000000000000    0.000000000000    0.0000000000000    0.0000000000000    0.0000000000000    0.0000000000000
mean            0.3948367501898    0.4517843583903    0.492786636295    0.4943052391800    0.5125284738041    0.5565679574791    0.4654517843584
SE.mean         0.0535426541118    0.0562926738145    0.060924513395    0.0606113088483    0.0610184900989    0.0642787003081    0.0587378531372
CI.mean.0.95    0.1050382790248    0.1104331803731    0.119519776216    0.1189053414791    0.1197041367298    0.1260999136168    0.1152300555416
var             3.7755964208976    4.1733953698767    4.888435769791    4.8383034113175    4.9035283284060    5.4415164796108    4.5438283101735
std.dev         1.9430894011593    2.0428889763951    2.210980725785    2.1996143778666    2.2143911868516    2.3327058279198    2.1316257434581
coef.var        4.9212475794746    4.5218231628780    4.486689700860    4.4499111146702    4.3205232490126    4.1912327085543    4.5796918501376
                            I12               I13                I14                I15                I16                I17                I18
nbr.val      1317.0000000000000 1317.000000000000 1317.0000000000000 1317.0000000000000 1317.0000000000000 1317.0000000000000 1317.0000000000000
nbr.null     1249.0000000000000 1242.000000000000 1243.0000000000000 1254.0000000000000 1266.0000000000000 1263.0000000000000 1269.0000000000000
nbr.na          0.0000000000000    0.000000000000    0.0000000000000    0.0000000000000    0.0000000000000    0.0000000000000    0.0000000000000
min             0.0000000000000    0.000000000000    0.0000000000000    0.0000000000000    0.0000000000000    0.0000000000000    0.0000000000000
max            12.0000000000000   12.000000000000   12.0000000000000   12.0000000000000   12.0000000000000   12.0000000000000   12.0000000000000
range          12.0000000000000   12.000000000000   12.0000000000000   12.0000000000000   12.0000000000000   12.0000000000000   12.0000000000000
sum           600.0000000000000  644.000000000000  644.0000000000000  541.0000000000000  472.0000000000000  457.0000000000000  380.0000000000000
median          0.0000000000000    0.000000000000    0.0000000000000    0.0000000000000    0.0000000000000    0.0000000000000    0.0000000000000
mean            0.4555808656036    0.488990129081    0.4889901290812    0.4107820804860    0.3583902809415    0.3470007593014    0.2885345482156
SE.mean         0.0593970699868    0.061254649906    0.0609524865873    0.0567753007407    0.0541542291472    0.0521214868163    0.0460185906978
CI.mean.0.95    0.1165232862290    0.120167427542    0.1195746531363    0.1113799825549    0.1062380475137    0.1022502781421    0.0902778102846
var             4.6463917026123    4.941558021939    4.8929258030940    4.2452635976118    3.8623402639784    3.5778272439204    2.7890249784788
std.dev         2.1555490489925    2.222961543063    2.2119958867715    2.0604037462623    1.9652837616941    1.8915145370629    1.6700374182870
coef.var        4.7314301625385    4.546025391637    4.5236002839721    5.0158072714001    5.4836413435405    5.4510386111857    5.7879981049579
                            I19                I20                I21            NHIN_97            NHIN_02            NHIN_03            NHIN_04
nbr.val      1317.0000000000000 1317.0000000000000 1317.0000000000000 1148.0000000000000 1168.0000000000000 1155.0000000000000 1093.0000000000000
nbr.null     1290.0000000000000 1293.0000000000000 1303.0000000000000  960.0000000000000  707.0000000000000  645.0000000000000  608.0000000000000
nbr.na          0.0000000000000    0.0000000000000    0.0000000000000  169.0000000000000  149.0000000000000  162.0000000000000  224.0000000000000
min             0.0000000000000    0.0000000000000    0.0000000000000    0.0000000000000    0.0000000000000    0.0000000000000    0.0000000000000
max            12.0000000000000    9.0000000000000   12.0000000000000    1.0000000000000    1.0000000000000    1.0000000000000    1.0000000000000
range          12.0000000000000    9.0000000000000   12.0000000000000    1.0000000000000    1.0000000000000    1.0000000000000    1.0000000000000
sum           216.0000000000000  100.0000000000000  102.0000000000000  188.0000000000000  461.0000000000000  510.0000000000000  485.0000000000000
median          0.0000000000000    0.0000000000000    0.0000000000000    0.0000000000000    0.0000000000000    0.0000000000000    0.0000000000000
mean            0.1640091116173    0.0759301442673    0.0774487471526    0.1637630662021    0.3946917808219    0.4415584415584    0.4437328453797
SE.mean         0.0348632227721    0.0174607720661    0.0235607616942    0.0109267484262    0.0143080977598    0.0146177340672    0.0150345757583
CI.mean.0.95    0.0683935636362    0.0342539883143    0.0462207543111    0.0214386559818    0.0280724713958    0.0286803129059    0.0294999238807
var             1.6007401458136    0.4015250650253    0.7310792004487    0.1370641181813    0.2391149006350    0.2467982623962    0.2470600457792
std.dev         1.2652035985617    0.6336600547812    0.8550316955813    0.3702217148971    0.4889937633907    0.4967879450995    0.4970513512497
coef.var        7.7142274967862    8.3453029214681   11.0399680694176    2.2607155782014    1.2389256304564    1.1250785815489    1.1201590245689
                        NHIN_05            NHIN_06            NHIN_07            NHIN_08            NHIN_09            NHIN_10            NHIN_11
nbr.val      1099.0000000000000 1136.0000000000000 1103.0000000000000 1114.0000000000000 1124.0000000000000 1119.0000000000000 1113.0000000000000
nbr.null      609.0000000000000  635.0000000000000  625.0000000000000  610.0000000000000  616.0000000000000  624.0000000000000  615.0000000000000
nbr.na        218.0000000000000  181.0000000000000  214.0000000000000  203.0000000000000  193.0000000000000  198.0000000000000  204.0000000000000
min             0.0000000000000    0.0000000000000    0.0000000000000    0.0000000000000    0.0000000000000    0.0000000000000    0.0000000000000
max             1.0000000000000    1.0000000000000    1.0000000000000    1.0000000000000    1.0000000000000    1.0000000000000    1.0000000000000
range           1.0000000000000    1.0000000000000    1.0000000000000    1.0000000000000    1.0000000000000    1.0000000000000    1.0000000000000
sum           490.0000000000000  501.0000000000000  478.0000000000000  504.0000000000000  508.0000000000000  495.0000000000000  498.0000000000000
median          0.0000000000000    0.0000000000000    0.0000000000000    0.0000000000000    0.0000000000000    0.0000000000000    0.0000000000000
mean            0.4458598726115    0.4410211267606    0.4333635539438    0.4524236983842    0.4519572953737    0.4423592493298    0.4474393530997
SE.mean         0.0150005721386    0.0147376915721    0.0149275195035    0.0149192644726    0.0148513530669    0.0148540166370    0.0149109279369
CI.mean.0.95    0.0294330255998    0.0289161803621    0.0292895697430    0.0292730542919    0.0291395230050    0.0291448897694    0.0292567258362
var             0.2472938637708    0.2467386920643    0.2457824148955    0.2479590799770    0.2479124612201    0.2468981856724    0.2474597141694
std.dev         0.4972865006923    0.4967279859886    0.4957644752254    0.4979548975329    0.4979080851122    0.4968885042667    0.4974532281224
coef.var        1.1153425801243    1.1263133574512    1.1439920840452    1.1006384044675    1.1016706450120    1.1232691641908    1.1117779977916
                        NHIN_13            NHIN_15           NHIN_17            NHIN_19           NHIN_21
nbr.val      1071.0000000000000 1057.0000000000000 982.0000000000000 1007.0000000000000 981.0000000000000
nbr.null      647.0000000000000  715.0000000000000 693.0000000000000  709.0000000000000 738.0000000000000
nbr.na        246.0000000000000  260.0000000000000 335.0000000000000  310.0000000000000 336.0000000000000
min             0.0000000000000    0.0000000000000   0.0000000000000    0.0000000000000   0.0000000000000
max             1.0000000000000    1.0000000000000   1.0000000000000    1.0000000000000   1.0000000000000
range           1.0000000000000    1.0000000000000   1.0000000000000    1.0000000000000   1.0000000000000
sum           424.0000000000000  342.0000000000000 289.0000000000000  298.0000000000000 243.0000000000000
median          0.0000000000000    0.0000000000000   0.0000000000000    0.0000000000000   0.0000000000000
mean            0.3958916900093    0.3235572374645   0.2942973523422    0.2959285004965   0.2477064220183
SE.mean         0.0149504308628    0.0143965731254   0.0145502195739    0.0143913915307   0.0137895239188
CI.mean.0.95    0.0293354891728    0.0282491427515   0.0285531346392    0.0282405859244   0.0270603909007
var             0.2393849751739    0.2190752128666   0.2078981296362    0.2085619352406   0.1865381014791
std.dev         0.4892698388148    0.4680547114031   0.4559584735875    0.4566858167719   0.4319005689729
coef.var        1.2358679183270    1.4465901460615   1.5493121836086    1.5432302600311   1.7435985932610
