                         R0000100           NA_B18           NA_A18      B18_NOARREST        B18_ARREST B18_INCAF Classification          Hispanic
nbr.val          179.000000000000 179.000000000000 179.000000000000 179.0000000000000 179.0000000000000       179             NA 178.0000000000000
nbr.null           0.000000000000   5.000000000000  43.000000000000 174.0000000000000   5.0000000000000       179             NA 127.0000000000000
nbr.na             0.000000000000   0.000000000000   0.000000000000   0.0000000000000   0.0000000000000         0             NA   1.0000000000000
min               24.000000000000   0.000000000000   0.000000000000   0.0000000000000   0.0000000000000         0             NA   0.0000000000000
max             8937.000000000000  14.000000000000  60.000000000000   1.0000000000000   1.0000000000000         0             NA   1.0000000000000
range           8913.000000000000  14.000000000000  60.000000000000   1.0000000000000   1.0000000000000         0             NA   1.0000000000000
sum           887705.000000000000 641.000000000000 744.000000000000   5.0000000000000 174.0000000000000         0             NA  51.0000000000000
median          5139.000000000000   3.000000000000   2.000000000000   0.0000000000000   1.0000000000000         0             NA   0.0000000000000
mean            4959.245810055866   3.581005586592   4.156424581006   0.0279329608939   0.9720670391061         0             NA   0.2865168539326
SE.mean          203.768834637451   0.212264071380   0.470777456942   0.0123508428020   0.0123508428020         0             NA   0.0339844552655
CI.mean.0.95     402.113523955410   0.418877861787   0.929023236288   0.0243729171429   0.0243729171429         0             NA   0.0670668679859
var          7432391.096541334875   8.065030443789  39.672023099617   0.0273052539075   0.0273052539075         0             NA   0.2055798895448
std.dev         2726.241202927822   2.839899724249   6.298573100284   0.1652430147010   0.1652430147010         0             NA   0.4534091855541
coef.var           0.549728992542   0.793045320812   1.515382506654   5.9156999262959   0.1699913771924       NaN             NA   1.5824869613457
                         White             Black           Other_R              Male            Sample             PIB16            BMEA97
nbr.val      176.0000000000000 176.0000000000000 176.0000000000000 179.0000000000000 179.0000000000000 156.0000000000000  151.000000000000
nbr.null      94.0000000000000 112.0000000000000 146.0000000000000  45.0000000000000   0.0000000000000 131.0000000000000    0.000000000000
nbr.na         3.0000000000000   3.0000000000000   3.0000000000000   0.0000000000000   0.0000000000000  23.0000000000000   28.000000000000
min            0.0000000000000   0.0000000000000   0.0000000000000   0.0000000000000   1.0000000000000   0.0000000000000    2.000000000000
max            1.0000000000000   1.0000000000000   1.0000000000000   1.0000000000000   2.0000000000000   1.0000000000000   20.000000000000
range          1.0000000000000   1.0000000000000   1.0000000000000   1.0000000000000   1.0000000000000   1.0000000000000   18.000000000000
sum           82.0000000000000  64.0000000000000  30.0000000000000 134.0000000000000 242.0000000000000  25.0000000000000 1708.000000000000
median         0.0000000000000   0.0000000000000   0.0000000000000   1.0000000000000   1.0000000000000   0.0000000000000   12.000000000000
mean           0.4659090909091   0.3636363636364   0.1704545454545   0.7486033519553   1.3519553072626   0.1602564102564   11.311258278146
SE.mean        0.0377084916482   0.0363636363636   0.0284253200398   0.0325158883718   0.0357961432352   0.0294655942861    0.262133449401
CI.mean.0.95   0.0744219490385   0.0717677258893   0.0561005658655   0.0641662326872   0.0706394249442   0.0582059557617    0.517950880077
var            0.2502597402597   0.2327272727273   0.1422077922078   0.1892536563932   0.2293641328228   0.1354425144748   10.375805739514
std.dev        0.5002596728298   0.4824181513244   0.3771044844705   0.4350329371360   0.4789197561417   0.3680251546767    3.221149754283
coef.var       1.0737280782688   1.3266499161422   2.2123463088938   0.5811260876668   0.3542422989643   2.2964769651823    0.284773778043
                        BFEA97        PHEALTH97             BBPHH              CC1Y              HT97                 HHNW97              GH97
nbr.val       115.000000000000 158.000000000000 179.0000000000000 155.0000000000000 157.0000000000000        148.00000000000 179.0000000000000
nbr.null        0.000000000000   0.000000000000 141.0000000000000 123.0000000000000 141.0000000000000          0.00000000000   0.0000000000000
nbr.na         64.000000000000  21.000000000000   0.0000000000000  24.0000000000000  22.0000000000000         31.00000000000   0.0000000000000
min             2.000000000000   1.000000000000   0.0000000000000   0.0000000000000   0.0000000000000     -27700.00000000000   1.0000000000000
max            16.000000000000   5.000000000000   1.0000000000000   1.0000000000000   1.0000000000000     600000.00000000000   5.0000000000000
range          14.000000000000   4.000000000000   1.0000000000000   1.0000000000000   1.0000000000000     627700.00000000000   4.0000000000000
sum          1213.000000000000 430.000000000000  38.0000000000000  32.0000000000000  16.0000000000000    6642195.00000000000 386.0000000000000
median         12.000000000000   3.000000000000   0.0000000000000   0.0000000000000   0.0000000000000      10052.50000000000   2.0000000000000
mean           10.547826086957   2.721518987342   0.2122905027933   0.2064516129032   0.1019108280255      44879.69594594595   2.1564245810056
SE.mean         0.274867273500   0.092826393417   0.0306505535644   0.0326163595746   0.0242218659369       7665.44571042543   0.0738182081569
CI.mean.0.95    0.544509951769   0.183349686325   0.0604852166274   0.0644332288428   0.0478451491984      15148.70914047149   0.1456714412038
var             8.688482074752   1.361444811739   0.1681627016509   0.1648931713448   0.0921117099461 8696340575.04297637939   0.9753938861340
std.dev         2.947623122917   1.166809672457   0.4100764582988   0.4060704019561   0.3034991102888      93254.17189082201   0.9876203147637
coef.var        0.279453140260   0.428734716856   1.9316759483021   1.9669035094748   2.9780850197090          2.07786995712   0.4579897314578
                          GH98             GH99              GH00              GH01              GH02              GH03              GH04
nbr.val      169.0000000000000 160.000000000000 163.0000000000000 157.0000000000000 160.0000000000000 157.0000000000000 137.0000000000000
nbr.null       0.0000000000000   0.000000000000   0.0000000000000   0.0000000000000   0.0000000000000   0.0000000000000   0.0000000000000
nbr.na        10.0000000000000  19.000000000000  16.0000000000000  22.0000000000000  19.0000000000000  22.0000000000000  42.0000000000000
min            1.0000000000000   1.000000000000   1.0000000000000   1.0000000000000   1.0000000000000   1.0000000000000   1.0000000000000
max            4.0000000000000   5.000000000000   5.0000000000000   5.0000000000000   4.0000000000000   5.0000000000000   5.0000000000000
range          3.0000000000000   4.000000000000   4.0000000000000   4.0000000000000   3.0000000000000   4.0000000000000   4.0000000000000
sum          357.0000000000000 338.000000000000 368.0000000000000 344.0000000000000 338.0000000000000 333.0000000000000 300.0000000000000
median         2.0000000000000   2.000000000000   2.0000000000000   2.0000000000000   2.0000000000000   2.0000000000000   2.0000000000000
mean           2.1124260355030   2.112500000000   2.2576687116564   2.1910828025478   2.1125000000000   2.1210191082803   2.1897810218978
SE.mean        0.0762017242577   0.077797663301   0.0868498915511   0.0756774391534   0.0752289482453   0.0794756201705   0.0772076312612
CI.mean.0.95   0.1504363155692   0.153650090382   0.1715038518518   0.1494847001747   0.1485768878749   0.1569871996897   0.1526827832331
var            0.9813327697943   0.968396226415   1.2294932969780   0.8991507430998   0.9055031446541   0.9916707496325   0.8166595105195
std.dev        0.9906224153502   0.984071250680   1.1088251877451   0.9482355947231   0.9515792897358   0.9958266664598   0.9036921547294
coef.var       0.4689501069865   0.465832544701   0.4911372434849   0.4327703150335   0.4504517347862   0.4695038637664   0.4126860839931
                          GH05              GH06              GH07             GH08              GH09              GH10              GH11
nbr.val      143.0000000000000 149.0000000000000 149.0000000000000 147.000000000000 144.0000000000000 149.0000000000000 154.0000000000000
nbr.null       0.0000000000000   0.0000000000000   0.0000000000000   0.000000000000   0.0000000000000   0.0000000000000   0.0000000000000
nbr.na        36.0000000000000  30.0000000000000  30.0000000000000  32.000000000000  35.0000000000000  30.0000000000000  25.0000000000000
min            1.0000000000000   1.0000000000000   1.0000000000000   1.000000000000   1.0000000000000   1.0000000000000   1.0000000000000
max            5.0000000000000   5.0000000000000   5.0000000000000   5.000000000000   5.0000000000000   4.0000000000000   5.0000000000000
range          4.0000000000000   4.0000000000000   4.0000000000000   4.000000000000   4.0000000000000   3.0000000000000   4.0000000000000
sum          335.0000000000000 328.0000000000000 344.0000000000000 325.000000000000 359.0000000000000 337.0000000000000 374.0000000000000
median         2.0000000000000   2.0000000000000   2.0000000000000   2.000000000000   2.0000000000000   2.0000000000000   2.0000000000000
mean           2.3426573426573   2.2013422818792   2.3087248322148   2.210884353741   2.4930555555556   2.2617449664430   2.4285714285714
SE.mean        0.0812980086319   0.0830118833113   0.0845916819948   0.083171285468   0.0847757037561   0.0832388822251   0.0828453462855
CI.mean.0.95   0.1607107972240   0.1640416498487   0.1671635255626   0.164375208622   0.1675754721886   0.1644902275084   0.1636684637649
var            0.9451393676746   1.0267549428623   1.0662071467441   1.016867020781   1.0349164724165   1.0323780155995   1.0569561157796
std.dev        0.9721827851153   1.0132891704061   1.0325730708982   1.008398245130   1.0173084450728   1.0160600452727   1.0280837104923
coef.var       0.4149914575268   0.4603051414345   0.4472482196623   0.456106283182   0.4080568693328   0.4492372306992   0.4233285866733
                          GH13              GH15              GH17              GH19              GH21            WW_97            WW_98
nbr.val      138.0000000000000 139.0000000000000 127.0000000000000 125.0000000000000 128.0000000000000 178.000000000000  178.00000000000
nbr.null       0.0000000000000   0.0000000000000   0.0000000000000   0.0000000000000   0.0000000000000 133.000000000000  115.00000000000
nbr.na        41.0000000000000  40.0000000000000  52.0000000000000  54.0000000000000  51.0000000000000   1.000000000000    1.00000000000
min            1.0000000000000   1.0000000000000   1.0000000000000   1.0000000000000   1.0000000000000   0.000000000000    0.00000000000
max            5.0000000000000   5.0000000000000   5.0000000000000   5.0000000000000   5.0000000000000  52.000000000000   52.00000000000
range          4.0000000000000   4.0000000000000   4.0000000000000   4.0000000000000   4.0000000000000  52.000000000000   52.00000000000
sum          337.0000000000000 340.0000000000000 298.0000000000000 302.0000000000000 319.0000000000000 888.000000000000 1487.00000000000
median         2.0000000000000   2.0000000000000   2.0000000000000   2.0000000000000   3.0000000000000   0.000000000000    0.00000000000
mean           2.4420289855072   2.4460431654676   2.3464566929134   2.4160000000000   2.4921875000000   4.988764044944    8.35393258427
SE.mean        0.0937133811932   0.0947878797136   0.0917670498902   0.0931069450997   0.0914639882167   0.854968517031    1.13899034171
CI.mean.0.95   0.1853117649824   0.1874244102990   0.1816042939642   0.1842847251537   0.1809907266050   1.687243777071    2.24774869240
var            1.2119432984238   1.2488791575435   1.0694913135858   1.0836129032258   1.0708046259843 130.112867390338  230.91922173554
std.dev        1.1008829630909   1.1175326203487   1.0341621311892   1.0409672921018   1.0347969008382  11.406702739632   15.19602651141
coef.var       0.4508066733132   0.4568736300838   0.4407335257082   0.4308639454064   0.4152163113081   2.286478702314    1.81902671085
                        WW_99            WW_00             WW_01            WW_02             WW_03             WW_04             WW_05
nbr.val       175.00000000000  176.00000000000  174.000000000000  175.00000000000  169.000000000000  167.000000000000  168.000000000000
nbr.null       80.00000000000   63.00000000000   49.000000000000   55.00000000000   53.000000000000   47.000000000000   49.000000000000
nbr.na          4.00000000000    3.00000000000    5.000000000000    4.00000000000   10.000000000000   12.000000000000   11.000000000000
min             0.00000000000    0.00000000000    0.000000000000    0.00000000000    0.000000000000    0.000000000000    0.000000000000
max            52.00000000000   53.00000000000   52.000000000000   52.00000000000   52.000000000000   52.000000000000   53.000000000000
range          52.00000000000   53.00000000000   52.000000000000   52.00000000000   52.000000000000   52.000000000000   53.000000000000
sum          2110.00000000000 3399.00000000000 3846.000000000000 3397.00000000000 4001.000000000000 4297.000000000000 4587.000000000000
median          3.00000000000   12.50000000000   17.000000000000   14.00000000000   22.000000000000   28.000000000000   29.500000000000
mean           12.05714285714   19.31250000000   22.103448275862   19.41142857143   23.674556213018   25.730538922156   27.303571428571
SE.mean         1.26466995729    1.50725316193    1.514575366233    1.44781560328    1.608798502477    1.680840421901    1.706045184542
CI.mean.0.95    2.49606826882    2.97473362371    2.989425445426    2.85754126255    3.176066179124    3.318580336451    3.368195459218
var           279.89326765189  399.83892857143  399.145305959737  366.82975369458  437.411313045928  471.812495490946  488.979148845167
std.dev        16.73001098780   19.99597280883   19.978621222690   19.15280015284   20.914380532206   21.721245256452   22.112872921562
coef.var        1.38756015302    1.03539017780    0.903868978874    0.98667648712    0.883411724555    0.844181512178    0.809889394119
                         WW_06             WW_07             WW_08             WW_09            WW_10             WW_11             WW_12
nbr.val       168.000000000000  166.000000000000  167.000000000000  169.000000000000  166.00000000000  161.000000000000  157.000000000000
nbr.null       41.000000000000   38.000000000000   54.000000000000   53.000000000000   58.00000000000   53.000000000000   56.000000000000
nbr.na         11.000000000000   13.000000000000   12.000000000000   10.000000000000   13.00000000000   18.000000000000   22.000000000000
min             0.000000000000    0.000000000000    0.000000000000    0.000000000000    0.00000000000    0.000000000000    0.000000000000
max            52.000000000000   52.000000000000   52.000000000000   52.000000000000   52.00000000000   53.000000000000   52.000000000000
range          52.000000000000   52.000000000000   52.000000000000   52.000000000000   52.00000000000   53.000000000000   52.000000000000
sum          4889.000000000000 4980.000000000000 4452.000000000000 4194.000000000000 3887.00000000000 4302.000000000000 4451.000000000000
median         30.500000000000   36.000000000000   31.000000000000   22.000000000000   16.50000000000   29.000000000000   37.000000000000
mean           29.101190476190   30.000000000000   26.658682634731   24.816568047337   23.41566265060   26.720496894410   28.350318471338
SE.mean         1.605558669103    1.656456494977    1.736185592704    1.700066645569    1.72394089987    1.804652613208    1.921109987319
CI.mean.0.95    3.169807850214    3.270583287946    3.427851504107    3.356246395639    3.40382757629    3.564011261083    3.794744558876
var           433.073531508412  455.478787878788  503.394848856504  488.448295294449  493.34738955823  524.340139751553  579.434182590233
std.dev        20.810418821072   21.341949017810   22.436462485350   22.100866392394   22.21142475300   22.898474616261   24.071439146637
coef.var        0.715105412547    0.711398300594    0.841619325034    0.890569008182    0.94857126550    0.856962904049    0.849071207823
                         WW_13             WW_14             WW_15            WW_16             WW_17             WW_18             WW_19
nbr.val       157.000000000000  157.000000000000  151.000000000000  145.00000000000  137.000000000000  131.000000000000  119.000000000000
nbr.null       48.000000000000   53.000000000000   45.000000000000   41.00000000000   31.000000000000   31.000000000000   25.000000000000
nbr.na         22.000000000000   22.000000000000   28.000000000000   34.00000000000   42.000000000000   48.000000000000   60.000000000000
min             0.000000000000    0.000000000000    0.000000000000    0.00000000000    0.000000000000    0.000000000000    0.000000000000
max            52.000000000000   52.000000000000   52.000000000000   53.00000000000   52.000000000000   52.000000000000   52.000000000000
range          52.000000000000   52.000000000000   52.000000000000   53.00000000000   52.000000000000   52.000000000000   52.000000000000
sum          4710.000000000000 4776.000000000000 4773.000000000000 4690.00000000000 4828.000000000000 4179.000000000000 3865.000000000000
median         39.000000000000   49.000000000000   46.000000000000   47.00000000000   52.000000000000   50.000000000000   41.000000000000
mean           30.000000000000   30.420382165605   31.609271523179   32.34482758621   35.240875912409   31.900763358779   32.478991596639
SE.mean         1.831613969643    1.916668492750    1.891119563053    1.96992179742    1.878287887208    2.024478937676    1.862181004687
CI.mean.0.95    3.617964193171    3.785971330138    3.736673225998    3.89369830642    3.714428452828    4.005189461538    3.687625366705
var           526.705128205128  576.758043442757  540.026313465784  562.68582375479  483.331258050665  536.905460951263  412.658453211793
std.dev        22.950057259300   24.015787379196   23.238466245985   23.72099963650   21.984796065706   23.171220532187   20.313996485473
coef.var        0.765001908643    0.789463697348    0.735178798061    0.73337845358    0.623843633182    0.726353168154    0.625450344572
                       WW_20               A97              A98               A99              A00               A01               A02
nbr.val       48.00000000000 179.0000000000000 179.000000000000 179.0000000000000 179.000000000000 179.0000000000000 179.0000000000000
nbr.null      17.00000000000 110.0000000000000  91.000000000000 111.0000000000000 126.000000000000 111.0000000000000 131.0000000000000
nbr.na       131.00000000000   0.0000000000000   0.000000000000   0.0000000000000   0.000000000000   0.0000000000000   0.0000000000000
min            0.00000000000   0.0000000000000   0.000000000000   0.0000000000000   0.000000000000   0.0000000000000   0.0000000000000
max           24.00000000000   5.0000000000000   9.000000000000   6.0000000000000   9.000000000000   8.0000000000000   8.0000000000000
range         24.00000000000   5.0000000000000   9.000000000000   6.0000000000000   9.000000000000   8.0000000000000   8.0000000000000
sum          289.00000000000 123.0000000000000 202.000000000000 114.0000000000000 118.000000000000 124.0000000000000  96.0000000000000
median         3.00000000000   0.0000000000000   0.000000000000   0.0000000000000   0.000000000000   0.0000000000000   0.0000000000000
mean           6.02083333333   0.6871508379888   1.128491620112   0.6368715083799   0.659217877095   0.6927374301676   0.5363128491620
SE.mean        1.01909498829   0.0824276315779   0.124522147672   0.0770991566667   0.117275086072   0.0917302005128   0.0911145610631
CI.mean.0.95   2.05015467528   0.1626611128441   0.245729626416   0.1521460022893   0.231428413558   0.1810186245947   0.1798037334705
var           49.85062056738   1.2161822861088   2.775531981671   1.0640261126106   2.461866800577   1.5061829138158   1.4860335195531
std.dev        7.06049718981   1.1028065497216   1.665992791602   1.0315164141256   1.569033715564   1.2272664396193   1.2190297451470
coef.var       1.17267773395   1.6048973365867   1.476300543054   1.6196617379692   2.380144365136   1.7716184894504   2.2729825456386
                          A03               A04               A05               A06               A07               A08               A09
nbr.val      179.000000000000 179.0000000000000 179.0000000000000 179.0000000000000 179.0000000000000 179.0000000000000 179.0000000000000
nbr.null     143.000000000000 154.0000000000000 153.0000000000000 150.0000000000000 146.0000000000000 157.0000000000000 162.0000000000000
nbr.na         0.000000000000   0.0000000000000   0.0000000000000   0.0000000000000   0.0000000000000   0.0000000000000   0.0000000000000
min            0.000000000000   0.0000000000000   0.0000000000000   0.0000000000000   0.0000000000000   0.0000000000000   0.0000000000000
max           50.000000000000   7.0000000000000   4.0000000000000  13.0000000000000   5.0000000000000   3.0000000000000   8.0000000000000
range         50.000000000000   7.0000000000000   4.0000000000000  13.0000000000000   5.0000000000000   3.0000000000000   8.0000000000000
sum          126.000000000000  46.0000000000000  37.0000000000000  61.0000000000000  49.0000000000000  34.0000000000000  30.0000000000000
median         0.000000000000   0.0000000000000   0.0000000000000   0.0000000000000   0.0000000000000   0.0000000000000   0.0000000000000
mean           0.703910614525   0.2569832402235   0.2067039106145   0.3407821229050   0.2737430167598   0.1899441340782   0.1675977653631
SE.mean        0.291388080489   0.0619243361338   0.0424265382920   0.0900226801194   0.0536141510094   0.0417516696170   0.0551679453868
CI.mean.0.95   0.575019669187   0.1222003014626   0.0837237198327   0.1776490364835   0.1058011409578   0.0823919468871   0.1088673690868
var           15.198355407696   0.6863975896052   0.3222019961082   1.4506308455213   0.5145314167347   0.3120331429289   0.5447868934781
std.dev        3.898506817705   0.8284911524001   0.5676283961433   1.2044213737398   0.7173084529926   0.5585992686433   0.7380968049505
coef.var       5.538354923566   3.2239112234698   2.7460941326933   3.5342856704824   2.6203716956261   2.9408608555047   4.4039776028713
                           A10               A11               A12               A13               A14               A15               A16
nbr.val      179.0000000000000 179.0000000000000 179.0000000000000 179.0000000000000 179.0000000000000 179.0000000000000 179.0000000000000
nbr.null     160.0000000000000 161.0000000000000 170.0000000000000 167.0000000000000 163.0000000000000 168.0000000000000 174.0000000000000
nbr.na         0.0000000000000   0.0000000000000   0.0000000000000   0.0000000000000   0.0000000000000   0.0000000000000   0.0000000000000
min            0.0000000000000   0.0000000000000   0.0000000000000   0.0000000000000   0.0000000000000   0.0000000000000   0.0000000000000
max            3.0000000000000  10.0000000000000   3.0000000000000   3.0000000000000   2.0000000000000   2.0000000000000   7.0000000000000
range          3.0000000000000  10.0000000000000   3.0000000000000   3.0000000000000   2.0000000000000   2.0000000000000   7.0000000000000
sum           25.0000000000000  36.0000000000000  13.0000000000000  15.0000000000000  21.0000000000000  14.0000000000000  11.0000000000000
median         0.0000000000000   0.0000000000000   0.0000000000000   0.0000000000000   0.0000000000000   0.0000000000000   0.0000000000000
mean           0.1396648044693   0.2011173184358   0.0726256983240   0.0837988826816   0.1173184357542   0.0782122905028   0.0614525139665
SE.mean        0.0333832728555   0.0705884625444   0.0263102842342   0.0261230200446   0.0299269468380   0.0243585899748   0.0405241621642
CI.mean.0.95   0.0658779126502   0.1392979229373   0.0519202120802   0.0515506685073   0.0590572649428   0.0480687759283   0.0799696071393
var            0.1994852802712   0.8919088569456   0.1239093591112   0.1221517795493   0.1603163643211   0.1062080220953   0.2939551817212
std.dev        0.4466377506114   0.9444092634793   0.3520076122915   0.3495021881896   0.4003952601132   0.3258957227324   0.5421763382159
coef.var       3.1979262943773   4.6958127267445   4.8468740461677   4.1707261123957   3.4128929314413   4.1668095977931   8.8226876855128
                           A17              A18               A19               A20               A21 I97               I98               I99
nbr.val      179.0000000000000 179.000000000000 179.0000000000000 179.0000000000000 179.0000000000000 179 179.0000000000000 179.0000000000000
nbr.null     173.0000000000000 170.000000000000 173.0000000000000 175.0000000000000 171.0000000000000 179 178.0000000000000 174.0000000000000
nbr.na         0.0000000000000   0.000000000000   0.0000000000000   0.0000000000000   0.0000000000000   0   0.0000000000000   0.0000000000000
min            0.0000000000000   0.000000000000   0.0000000000000   0.0000000000000   0.0000000000000   0   0.0000000000000   0.0000000000000
max            1.0000000000000  11.000000000000   6.0000000000000   2.0000000000000   2.0000000000000   0   6.0000000000000   8.0000000000000
range          1.0000000000000  11.000000000000   6.0000000000000   2.0000000000000   2.0000000000000   0   6.0000000000000   8.0000000000000
sum            6.0000000000000  21.000000000000  12.0000000000000   5.0000000000000   9.0000000000000   0   6.0000000000000  17.0000000000000
median         0.0000000000000   0.000000000000   0.0000000000000   0.0000000000000   0.0000000000000   0   0.0000000000000   0.0000000000000
mean           0.0335195530726   0.117318435754   0.0670391061453   0.0279329608939   0.0502793296089   0   0.0335195530726   0.0949720670391
SE.mean        0.0134907360296   0.064980529198   0.0368199242376   0.0146735822674   0.0181944094051   0   0.0335195530726   0.0523700644824
CI.mean.0.95   0.0266223606533   0.128231334447   0.0726597348082   0.0289565668129   0.0359044997984   0   0.0661468454262   0.1033460843817
var            0.0325779925931   0.755821982299   0.2426715209340   0.0385412089637   0.0592555395142   0   0.2011173184358   0.4909296340468
std.dev        0.1804937466869   0.869380228840   0.4926170124285   0.1963191507817   0.2434246074540   0   0.4484610556512   0.7006637096688
coef.var       5.3847301094911   7.410431474402   7.3482037687258   7.0282255979856   4.8414449704748 NaN  13.3790881602597   7.3775767076890
                          I00              I01              I02              I03              I04              I05              I06              I07
nbr.val      179.000000000000 179.000000000000 179.000000000000 179.000000000000 179.000000000000 179.000000000000 179.000000000000 179.000000000000
nbr.null     171.000000000000 160.000000000000 148.000000000000 155.000000000000 153.000000000000 150.000000000000 151.000000000000 136.000000000000
nbr.na         0.000000000000   0.000000000000   0.000000000000   0.000000000000   0.000000000000   0.000000000000   0.000000000000   0.000000000000
min            0.000000000000   0.000000000000   0.000000000000   0.000000000000   0.000000000000   0.000000000000   0.000000000000   0.000000000000
max           12.000000000000  12.000000000000  12.000000000000  12.000000000000  12.000000000000  12.000000000000  12.000000000000  12.000000000000
range         12.000000000000  12.000000000000  12.000000000000  12.000000000000  12.000000000000  12.000000000000  12.000000000000  12.000000000000
sum           33.000000000000 105.000000000000 232.000000000000 200.000000000000 181.000000000000 251.000000000000 261.000000000000 395.000000000000
median         0.000000000000   0.000000000000   0.000000000000   0.000000000000   0.000000000000   0.000000000000   0.000000000000   0.000000000000
mean           0.184357541899   0.586592178771   1.296089385475   1.117318435754   1.011173184358   1.402234636872   1.458100558659   2.206703910615
SE.mean        0.081361407615   0.153772454129   0.245306661523   0.235996699252   0.226041251418   0.270829815047   0.280473459869   0.324706690111
CI.mean.0.95   0.160557046853   0.303451622164   0.484083477683   0.465711376065   0.446065485572   0.534450381063   0.553480965450   0.640769976648
var            1.184922478187   4.232628209152  10.771389115561   9.969305128366   9.145941874333  13.129433180591  14.081099742640  18.872763793861
std.dev        1.088541445324   2.057335220413   3.281979450813   3.157420644825   3.024225830578   3.623455971941   3.752479146197   4.344279433216
coef.var       5.904512688270   3.507266709085   2.532216903860   2.825891477118   2.990808970571   2.584058242938   2.573539337813   1.968673464672
                          I08              I09              I10              I11              I12              I13              I14              I15
nbr.val      179.000000000000 179.000000000000 179.000000000000 179.000000000000 179.000000000000 179.000000000000 179.000000000000 179.000000000000
nbr.null     137.000000000000 140.000000000000 145.000000000000 144.000000000000 148.000000000000 148.000000000000 151.000000000000 154.000000000000
nbr.na         0.000000000000   0.000000000000   0.000000000000   0.000000000000   0.000000000000   0.000000000000   0.000000000000   0.000000000000
min            0.000000000000   0.000000000000   0.000000000000   0.000000000000   0.000000000000   0.000000000000   0.000000000000   0.000000000000
max           12.000000000000  12.000000000000  12.000000000000  12.000000000000  12.000000000000  12.000000000000  12.000000000000  12.000000000000
range         12.000000000000  12.000000000000  12.000000000000  12.000000000000  12.000000000000  12.000000000000  12.000000000000  12.000000000000
sum          377.000000000000 330.000000000000 310.000000000000 290.000000000000 324.000000000000 256.000000000000 248.000000000000 233.000000000000
median         0.000000000000   0.000000000000   0.000000000000   0.000000000000   0.000000000000   0.000000000000   0.000000000000   0.000000000000
mean           2.106145251397   1.843575418994   1.731843575419   1.620111731844   1.810055865922   1.430167597765   1.385474860335   1.301675977654
SE.mean        0.322749823204   0.298744055233   0.292238889012   0.285449867659   0.309067348131   0.270994206560   0.271371799892   0.261434835638
CI.mean.0.95   0.636908332893   0.589535809164   0.576698638468   0.563301313476   0.609907598076   0.534774788133   0.535519923599   0.515910508249
var           18.645973259682  15.975393886134  15.287238716967  14.585211223401  17.098549996861  13.145376938045  13.182035026050  12.234323018015
std.dev        4.318098338352   3.996923052316   3.909889859953   3.819058944740   4.135039298104   3.625655380486   3.630707234968   3.497759714162
coef.var       2.050237672586   2.168027958680   2.257646080425   2.357281210719   2.284481587533   2.535126223074   2.620550786529   2.687120123755
                          I16              I17              I18              I19               I20              I21           NHIN_97
nbr.val      179.000000000000 179.000000000000 179.000000000000 179.000000000000 179.0000000000000 179.000000000000 161.0000000000000
nbr.null     159.000000000000 161.000000000000 161.000000000000 165.000000000000 172.0000000000000 170.000000000000 129.0000000000000
nbr.na         0.000000000000   0.000000000000   0.000000000000   0.000000000000   0.0000000000000   0.000000000000  18.0000000000000
min            0.000000000000   0.000000000000   0.000000000000   0.000000000000   0.0000000000000   0.000000000000   0.0000000000000
max           12.000000000000  12.000000000000  12.000000000000  12.000000000000   6.0000000000000  12.000000000000   1.0000000000000
range         12.000000000000  12.000000000000  12.000000000000  12.000000000000   6.0000000000000  12.000000000000   1.0000000000000
sum          195.000000000000 165.000000000000 151.000000000000  90.000000000000  32.0000000000000  71.000000000000  32.0000000000000
median         0.000000000000   0.000000000000   0.000000000000   0.000000000000   0.0000000000000   0.000000000000   0.0000000000000
mean           1.089385474860   0.921787709497   0.843575418994   0.502793296089   0.1787709497207   0.396648044693   0.1987577639752
SE.mean        0.247552188961   0.223452702009   0.208538176913   0.148512660738   0.0700348581144   0.144885174939   0.0315488822340
CI.mean.0.95   0.488514758615   0.440957291638   0.411525252852   0.293072046409   0.1382054505352   0.285913635259   0.0623059367403
var           10.969493440462   8.937668696253   7.784382650179   3.948025861528   0.8779737618480   3.757516791162   0.1602484472050
std.dev        3.312022560379   2.989593399821   2.790050653694   1.986963980934   0.9370025410040   1.938431528624   0.4003104385411
coef.var       3.040266863117   3.243255870109   3.307411039810   3.951850584301   5.2413579637412   4.887031600333   2.0140618939099
                       NHIN_02           NHIN_03           NHIN_04           NHIN_05           NHIN_06           NHIN_07           NHIN_08
nbr.val      158.0000000000000 157.0000000000000 135.0000000000000 143.0000000000000 146.0000000000000 148.0000000000000 143.0000000000000
nbr.null      77.0000000000000  64.0000000000000  59.0000000000000  54.0000000000000  60.0000000000000  68.0000000000000  50.0000000000000
nbr.na        21.0000000000000  22.0000000000000  44.0000000000000  36.0000000000000  33.0000000000000  31.0000000000000  36.0000000000000
min            0.0000000000000   0.0000000000000   0.0000000000000   0.0000000000000   0.0000000000000   0.0000000000000   0.0000000000000
max            1.0000000000000   1.0000000000000   1.0000000000000   1.0000000000000   1.0000000000000   1.0000000000000   1.0000000000000
range          1.0000000000000   1.0000000000000   1.0000000000000   1.0000000000000   1.0000000000000   1.0000000000000   1.0000000000000
sum           81.0000000000000  93.0000000000000  76.0000000000000  89.0000000000000  86.0000000000000  80.0000000000000  93.0000000000000
median         1.0000000000000   1.0000000000000   1.0000000000000   1.0000000000000   1.0000000000000   1.0000000000000   1.0000000000000
mean           0.5126582278481   0.5923566878981   0.5629629629630   0.6223776223776   0.5890410958904   0.5405405405405   0.6503496503497
SE.mean        0.0398915543691   0.0393431845172   0.0428495863975   0.0406828784921   0.0408590245164   0.0411035248975   0.0400171602838
CI.mean.0.95   0.0787933658882   0.0777141008900   0.0847490157004   0.0804223614558   0.0807562097253   0.0812301550154   0.0791063623830
var            0.2514311053777   0.2430181283684   0.2478717523494   0.2366788141436   0.2437411431271   0.2500459643317   0.2289963557569
std.dev        0.5014290631562   0.4929686890346   0.4978672035286   0.4864964687884   0.4937014716679   0.5000459622192   0.4785356368724
coef.var       0.9780961972677   0.8322159589078   0.8843693746889   0.7816741015365   0.8381443588781   0.9250850301054   0.7358128609974
                       NHIN_09           NHIN_10           NHIN_11           NHIN_13           NHIN_15           NHIN_17           NHIN_19
nbr.val      143.0000000000000 149.0000000000000 153.0000000000000 138.0000000000000 136.0000000000000 126.0000000000000 125.0000000000000
nbr.null      62.0000000000000  54.0000000000000  61.0000000000000  65.0000000000000  75.0000000000000  80.0000000000000  81.0000000000000
nbr.na        36.0000000000000  30.0000000000000  26.0000000000000  41.0000000000000  43.0000000000000  53.0000000000000  54.0000000000000
min            0.0000000000000   0.0000000000000   0.0000000000000   0.0000000000000   0.0000000000000   0.0000000000000   0.0000000000000
max            1.0000000000000   1.0000000000000   1.0000000000000   1.0000000000000   1.0000000000000   1.0000000000000   1.0000000000000
range          1.0000000000000   1.0000000000000   1.0000000000000   1.0000000000000   1.0000000000000   1.0000000000000   1.0000000000000
sum           81.0000000000000  95.0000000000000  92.0000000000000  73.0000000000000  61.0000000000000  46.0000000000000  44.0000000000000
median         1.0000000000000   1.0000000000000   1.0000000000000   1.0000000000000   0.0000000000000   0.0000000000000   0.0000000000000
mean           0.5664335664336   0.6375838926174   0.6013071895425   0.5289855072464   0.4485294117647   0.3650793650794   0.3520000000000
SE.mean        0.0415870528717   0.0395131412020   0.0397141805964   0.0426460427965   0.0428045323445   0.0430624125913   0.0428892045971
CI.mean.0.95   0.0822097433096   0.0780828071226   0.0784630654524   0.0843296161073   0.0846541930486   0.0852258589693   0.0848897498759
var            0.2473160642175   0.2326319608199   0.2413140694874   0.2509785253359   0.2491830065359   0.2336507936508   0.2299354838710
std.dev        0.4973088217772   0.4823193556347   0.4912372843010   0.5009775696934   0.4991823379647   0.4833743824933   0.4795158848995
coef.var       0.8779649569648   0.7564798314692   0.8169489619354   0.9470534879135   1.1129311141509   1.3240254824817   1.3622610366464
                       NHIN_21
nbr.val      128.0000000000000
nbr.null      84.0000000000000
nbr.na        51.0000000000000
min            0.0000000000000
max            1.0000000000000
range          1.0000000000000
sum           44.0000000000000
median         0.0000000000000
mean           0.3437500000000
SE.mean        0.0421457853695
CI.mean.0.95   0.0833989033945
var            0.2273622047244
std.dev        0.4768251301310
coef.var       1.3871276512901
